iteration,reg,error,penalty
0,0,4446.43115234375,144995.390625
50,0,2507.162353515625,41271.42578125
100,0,1731.30224609375,16085.6162109375
150,0,1341.24853515625,7559.80126953125
200,0,1108.7181396484375,3984.718017578125
250,0,958.3309936523438,2269.798583984375
300,0,855.5880126953125,1365.942626953125
350,0,782.3632202148438,855.706787109375
400,0,728.3783569335938,552.6232299804688
450,0,687.4571533203125,365.61370849609375
500,0,655.7135009765625,246.91168212890625
550,0,630.6077880859375,169.9742889404297
600,0,610.4287719726562,119.34921264648438
650,0,593.989990234375,85.68221282958984
700,0,580.4512939453125,63.13448715209961
750,0,569.20361328125,47.96916198730469
800,0,559.7975463867188,37.748512268066406
850,0,551.8939208984375,30.858989715576172
900,0,545.232421875,26.220291137695312
950,0,539.6085815429688,23.103851318359375
1000,0,534.8594360351562,21.016014099121094
1050,0,530.8514404296875,19.621328353881836
1100,0,527.4745483398438,18.691591262817383
1150,0,524.6353759765625,18.07189178466797
1200,0,522.2545166015625,17.657390594482422
1250,0,520.2631225585938,17.377349853515625
1300,0,518.6014404296875,17.184415817260742
1350,0,517.2178344726562,17.04714012145996
1400,0,516.0668334960938,16.944791793823242
1450,0,515.1087646484375,16.8638858795166
1500,0,514.3089599609375,16.79578399658203
1550,0,513.63818359375,16.734933853149414
1600,0,513.0720825195312,16.67792320251465
1650,0,512.5881958007812,16.622634887695312
1700,0,512.1686401367188,16.567773818969727
1750,0,511.79876708984375,16.512571334838867
1800,0,511.4663391113281,16.456600189208984
1850,0,511.1615905761719,16.399555206298828
1900,0,510.87677001953125,16.341360092163086
1950,0,510.60498046875,16.281877517700195
2000,0,510.3409423828125,16.22106170654297
2050,0,510.08221435546875,16.158903121948242
2100,0,509.82513427734375,16.095375061035156
2150,0,509.5685729980469,16.030447006225586
2200,0,509.30987548828125,15.96412467956543
2250,0,509.04718017578125,15.896384239196777
2300,0,508.78009033203125,15.827245712280273
2350,0,508.5087585449219,15.75664234161377
2400,0,508.2317199707031,15.684618949890137
2450,0,507.9485168457031,15.611138343811035
2500,0,507.6593017578125,15.53618335723877
2550,0,507.3642578125,15.459759712219238
2600,0,507.06329345703125,15.381876945495605
2650,0,506.75555419921875,15.302490234375
2700,0,506.4404602050781,15.221595764160156
2750,0,506.1188049316406,15.139204978942871
2800,0,505.790771484375,15.055285453796387
2850,0,505.4564514160156,14.96985149383545
2900,0,505.1126708984375,14.882885932922363
2950,0,504.7621765136719,14.794357299804688
3000,0,504.4048156738281,14.704302787780762
3050,0,504.03826904296875,14.612686157226562
3100,0,503.6646423339844,14.519512176513672
3150,0,503.2829895019531,14.424775123596191
3200,0,502.8930358886719,14.328472137451172
3250,0,502.4939880371094,14.230591773986816
3300,0,502.08740234375,14.131141662597656
3350,0,501.6706848144531,14.030109405517578
3400,0,501.2461853027344,13.92749309539795
3450,0,500.8122253417969,13.823310852050781
3500,0,500.36798095703125,13.717531204223633
3550,0,499.91461181640625,13.610185623168945
3600,0,499.4505615234375,13.501276016235352
3650,0,498.97698974609375,13.390802383422852
3700,0,498.4925842285156,13.27876091003418
3750,0,497.99761962890625,13.165178298950195
3800,0,497.4917907714844,13.050044059753418
3850,0,496.9745788574219,12.933382034301758
3900,0,496.4460754394531,12.815204620361328
3950,0,495.90557861328125,12.695511817932129
4000,0,495.353515625,12.57434368133545
4050,0,494.78924560546875,12.451699256896973
4100,0,494.21197509765625,12.327614784240723
4150,0,493.6216125488281,12.202099800109863
4200,0,493.017822265625,12.07517147064209
4250,0,492.40118408203125,11.946887016296387
4300,0,491.7703552246094,11.817253112792969
4350,0,491.1258544921875,11.686307907104492
4400,0,490.4664611816406,11.554083824157715
4450,0,489.79266357421875,11.420608520507812
4500,0,489.1041564941406,11.28593921661377
4550,0,488.400146484375,11.150106430053711
4600,0,487.6806640625,11.013158798217773
4650,0,486.9458312988281,10.875129699707031
4700,0,486.1948547363281,10.736080169677734
4750,0,485.42742919921875,10.596067428588867
4800,0,484.6436767578125,10.45513916015625
4850,0,483.8434143066406,10.31335163116455
4900,0,483.0263977050781,10.170766830444336
4950,0,482.19207763671875,10.027454376220703
5000,0,481.340576171875,9.883461952209473
5050,0,480.4720764160156,9.738885879516602
5100,0,479.5860595703125,9.593774795532227
5150,0,478.6825866699219,9.448201179504395
5200,0,477.76153564453125,9.302255630493164
5250,0,476.82293701171875,9.156003952026367
5300,0,475.86676025390625,9.009543418884277
5350,0,474.8934326171875,8.862937927246094
5400,0,473.9022216796875,8.71628189086914
5450,0,472.8942565917969,8.56966781616211
5500,0,471.86871337890625,8.423177719116211
5550,0,470.8268127441406,8.276905059814453
5600,0,469.7677307128906,8.130943298339844
5650,0,468.6924133300781,7.985383033752441
5700,0,467.6014709472656,7.84031867980957
5750,0,466.4945068359375,7.695845127105713
5800,0,465.37261962890625,7.552064895629883
5850,0,464.23583984375,7.4090657234191895
5900,0,463.0850830078125,7.266956329345703
5950,0,461.9200744628906,7.125823497772217
6000,0,460.74261474609375,6.9857611656188965
6050,0,459.5527648925781,6.846876621246338
6100,0,458.351318359375,6.709251403808594
6150,0,457.1389465332031,6.572991371154785
6200,0,455.9164733886719,6.438189506530762
6250,0,454.6849060058594,6.304938793182373
6300,0,453.44512939453125,6.1733012199401855
6350,0,452.1980285644531,6.043394088745117
6400,0,450.9442443847656,5.915276050567627
6450,0,449.68524169921875,5.7890424728393555
6500,0,448.422119140625,5.664761543273926
6550,0,447.15576171875,5.54250955581665
6600,0,445.88690185546875,5.422347545623779
6650,0,444.6173095703125,5.304350852966309
6700,0,443.3479309082031,5.18856954574585
6750,0,442.0794677734375,5.075063705444336
6800,0,440.81396484375,4.963882923126221
6850,0,439.55194091796875,4.855075836181641
6900,0,438.2946472167969,4.7486748695373535
6950,0,437.0430603027344,4.644721508026123
7000,0,435.79901123046875,4.543242931365967
7050,0,434.56329345703125,4.4442620277404785
7100,0,433.3370056152344,4.347799301147461
7150,0,432.1217041015625,4.253866195678711
7200,0,430.9181213378906,4.162474155426025
7250,0,429.7269287109375,4.073620796203613
7300,0,428.550048828125,3.9873032569885254
7350,0,427.3881530761719,3.9035117626190186
7400,0,426.2420959472656,3.822237253189087
7450,0,425.1128845214844,3.7434580326080322
7500,0,424.00146484375,3.6671531200408936
7550,0,422.9090270996094,3.5932886600494385
7600,0,421.8354187011719,3.521838426589966
7650,0,420.78240966796875,3.4527647495269775
7700,0,419.7504577636719,3.386024236679077
7750,0,418.7396545410156,3.321575403213501
7800,0,417.75103759765625,3.2593724727630615
7850,0,416.7853698730469,3.1993603706359863
7900,0,415.8423767089844,3.1414897441864014
7950,0,414.92315673828125,3.0857067108154297
8000,0,414.02789306640625,3.031949281692505
8050,0,413.1565246582031,2.9801604747772217
8100,0,412.31011962890625,2.9302823543548584
8150,0,411.4876708984375,2.882244825363159
8200,0,410.6900939941406,2.8359923362731934
8250,0,409.9176330566406,2.791455030441284
8300,0,409.16973876953125,2.7485694885253906
8350,0,408.4466247558594,2.707277774810791
8400,0,407.7485046386719,2.6675074100494385
8450,0,407.0746154785156,2.6292011737823486
8500,0,406.4251708984375,2.592289447784424
8550,0,405.8002624511719,2.556708574295044
8600,0,405.19921875,2.5224030017852783
8650,0,404.6217346191406,2.4893040657043457
8700,0,404.067626953125,2.4573562145233154
8750,0,403.5370178222656,2.426503896713257
8800,0,403.0291442871094,2.3966758251190186
8850,0,402.54364013671875,2.3678345680236816
8900,0,402.080078125,2.339912176132202
8950,0,401.63818359375,2.3128621578216553
9000,0,401.2174072265625,2.286630868911743
9050,0,400.8172912597656,2.2611711025238037
9100,0,400.4376220703125,2.2364368438720703
9150,0,400.07763671875,2.2123777866363525
9200,0,399.73687744140625,2.1889493465423584
9250,0,399.4152526855469,2.1661148071289062
9300,0,399.1122741699219,2.143833637237549
9350,0,398.82696533203125,2.1220626831054688
9400,0,398.55908203125,2.1007704734802246
9450,0,398.3085021972656,2.0799171924591064
9500,0,398.07427978515625,2.0594727993011475
9550,0,397.8562316894531,2.0394060611724854
9600,0,397.6536560058594,2.019683599472046
9650,0,397.4665832519531,2.00028395652771
9700,0,397.2938537597656,1.981177568435669
9750,0,397.13555908203125,1.9623340368270874
9800,0,396.99127197265625,1.9437365531921387
9850,0,396.8603210449219,1.9253599643707275
9900,0,396.742431640625,1.9071849584579468
9950,0,396.6371765136719,1.8891911506652832
10000,0,396.54412841796875,1.871360182762146
10050,0,396.4630126953125,1.8536747694015503
10100,0,396.39324951171875,1.8361201286315918
10150,0,396.3348083496094,1.8186806440353394
10200,0,396.2870788574219,1.8013426065444946
10250,0,396.24981689453125,1.7840920686721802
10300,0,396.22265625,1.7669188976287842
10350,0,396.20556640625,1.7498129606246948
10400,0,396.197998046875,1.7327598333358765
10450,0,396.1996765136719,1.7157553434371948
10500,0,396.21044921875,1.6987862586975098
10550,0,396.23016357421875,1.6818475723266602
10600,0,396.2584533691406,1.6649316549301147
10650,0,396.2953186035156,1.6480300426483154
10700,0,396.3401794433594,1.6311376094818115
10750,0,396.3934631347656,1.6142473220825195
10800,0,396.4544372558594,1.5973559617996216
10850,0,396.5232849121094,1.5804564952850342
10900,0,396.59991455078125,1.5635461807250977
10950,0,396.68414306640625,1.546619176864624
11000,0,396.7757568359375,1.5296748876571655
11050,0,396.8748779296875,1.5127073526382446
11100,0,396.98138427734375,1.4957144260406494
11150,0,397.0959167480469,1.4786946773529053
11200,0,397.2340087890625,1.461859941482544
11250,0,397.353271484375,1.4447017908096313
11300,0,397.4855651855469,1.4276925325393677
11350,0,397.6272888183594,1.410656452178955
11400,0,397.6622009277344,1.4014471769332886
11450,0,397.93182373046875,1.3767000436782837
11500,0,398.1009826660156,1.3597350120544434
11550,0,398.2674865722656,1.342748999595642
11600,0,398.4412841796875,1.3257240056991577
11650,0,398.46923828125,1.323876976966858
11700,0,398.80523681640625,1.2919399738311768
11750,0,399.0213928222656,1.274909257888794
11800,0,399.2255554199219,1.2579981088638306
11850,0,399.4355163574219,1.2410491704940796
11900,0,399.6541442871094,1.224063515663147
11950,0,399.8484802246094,1.2080144882202148
12000,0,400.13104248046875,1.1903069019317627
12050,0,400.3762512207031,1.1734819412231445
12100,0,400.6272277832031,1.156620979309082
12150,0,400.8882141113281,1.1397287845611572
12200,0,401.1684265136719,1.1229394674301147
12250,0,401.45355224609375,1.1062017679214478
12300,0,401.73651123046875,1.0894579887390137
12350,0,402.0310974121094,1.0727108716964722
12400,0,402.3695983886719,1.0569013357162476
12450,0,402.672607421875,1.0395578145980835
12500,0,402.986328125,1.0228488445281982
12550,0,403.31591796875,1.0063183307647705
12600,0,403.6549987792969,0.9897719025611877
12650,0,404.09027099609375,0.9822357892990112
12700,0,404.3789367675781,0.9570093154907227
12750,0,404.7417907714844,0.9407300353050232
12800,0,405.1139831542969,0.9244636297225952
12850,0,405.4781494140625,0.9086781144142151
12900,0,405.8961486816406,0.8922863006591797
12950,0,406.3027648925781,0.8764457702636719
13000,0,406.7052307128906,0.860645055770874
13050,0,407.1154479980469,0.8448559045791626
13100,0,407.5049133300781,0.8310233354568481
13150,0,407.972900390625,0.8137550950050354
13200,0,408.41168212890625,0.7984920740127563
13250,0,408.8465270996094,0.783293604850769
13300,0,409.28900146484375,0.7681236267089844
13350,0,409.782958984375,0.7607747912406921
13400,0,410.2093505859375,0.7387382984161377
13450,0,410.66265869140625,0.7243342399597168
13500,0,411.1181335449219,0.7099871635437012
13550,0,411.5812072753906,0.6956906914710999
13600,0,412.0994873046875,0.6989370584487915
13650,0,412.5406188964844,0.6686186790466309
13700,0,412.9924011230469,0.6555352807044983
13750,0,413.4388122558594,0.6427392363548279
13800,0,413.8905334472656,0.6299972534179688
13850,0,414.34814453125,0.617317795753479
13900,0,414.8114318847656,0.6047109365463257
13950,0,415.28021240234375,0.592186689376831
14000,0,415.7767333984375,0.6026753783226013
14050,0,416.2103576660156,0.5685272812843323
14100,0,416.6602783203125,0.5571205615997314
14150,0,417.1103210449219,0.5458378791809082
14200,0,417.5646057128906,0.5346536636352539
14250,0,418.03302001953125,0.5316776633262634
14300,0,418.4581298828125,0.5134298205375671
14350,0,418.89239501953125,0.5031862854957581
14400,0,419.32135009765625,0.4932027757167816
14450,0,419.75390625,0.483335018157959
14500,0,420.1884460449219,0.4736379384994507
14550,0,420.5916442871094,0.4651322066783905
14600,0,421.00567626953125,0.45556163787841797
14650,0,421.40997314453125,0.4468249976634979
14700,0,421.81549072265625,0.43821981549263
14750,0,422.2222595214844,0.4297391474246979
14800,0,422.6056213378906,0.4303051829338074
14850,0,422.9757080078125,0.4140644073486328
14900,0,423.3509216308594,0.40649497509002686
14950,0,423.7243347167969,0.3990897536277771
15000,0,424.09747314453125,0.391804963350296
15050,0,424.4152526855469,0.4006785452365875
15100,0,424.78033447265625,0.3784167170524597
15150,0,425.10552978515625,0.37199321389198303
15200,0,425.4267578125,0.3657793402671814
15250,0,425.7319030761719,0.36122313141822815
15300,0,426.037841796875,0.3538648188114166
15350,0,426.348388671875,0.3480713665485382
15400,0,426.6551818847656,0.3424197733402252
15450,0,426.9354248046875,0.33911558985710144
15500,0,427.1920471191406,0.3320764899253845
15550,0,427.4831848144531,0.36588630080223083
15600,0,427.6960144042969,0.3226448595523834
15650,0,427.9529724121094,0.317636638879776
15700,0,428.2023010253906,0.3130371570587158
15750,0,428.41717529296875,0.3118302524089813
15800,0,428.6626892089844,0.3043852746486664
15850,0,428.8874206542969,0.3003183901309967
15900,0,429.1013488769531,0.2968222200870514
15950,0,429.2978515625,0.2924664616584778
16000,0,429.4816589355469,0.2951200604438782
16050,0,429.6786804199219,0.2851364016532898
16100,0,429.86737060546875,0.28152257204055786
16150,0,429.99896240234375,0.2831902503967285
16200,0,430.1925354003906,0.2748965620994568
16250,0,430.3332824707031,0.2831723690032959
16300,0,430.5007629394531,0.26862832903862
16350,0,430.6508483886719,0.2655053436756134
16400,0,430.7762756347656,0.26270371675491333
16450,0,430.91912841796875,0.259738028049469
16500,0,431.0916442871094,0.2885037958621979
16550,0,431.1571960449219,0.25442177057266235
16600,0,431.26446533203125,0.25190597772598267
16650,0,431.36090087890625,0.2501201927661896
16700,0,431.4695739746094,0.24666264653205872
16750,0,431.5604248046875,0.24433207511901855
16800,0,431.61273193359375,0.24350757896900177
16850,0,431.7196044921875,0.23962286114692688
16900,0,431.7729187011719,0.2566678524017334
16950,0,431.863525390625,0.23532937467098236
17000,0,431.9227600097656,0.23309996724128723
17050,0,431.9075012207031,0.2676960825920105
17100,0,432.0198974609375,0.22904421389102936
17150,0,432.06732177734375,0.2270759791135788
17200,0,432.0487365722656,0.24495165050029755
17250,0,432.1260070800781,0.22340373694896698
17300,0,432.1947326660156,0.26485341787338257
17350,0,432.1756591796875,0.21967066824436188
17400,0,432.1923522949219,0.2179105281829834
17450,0,432.2393493652344,0.24586640298366547
17500,0,432.2037353515625,0.21459022164344788
17550,0,432.21868896484375,0.2160228043794632
17600,0,432.1959533691406,0.21175868809223175
17650,0,432.183837890625,0.2097063511610031
17700,0,432.17315673828125,0.21242374181747437
17750,0,432.1531982421875,0.20666064321994781
17800,0,432.1278991699219,0.20514757931232452
17850,0,432.07623291015625,0.20642247796058655
17900,0,432.0264892578125,0.209724560379982
17950,0,432.0004577636719,0.2013607621192932
18000,0,431.9669494628906,0.19945688545703888
18050,0,431.9264831542969,0.20572280883789062
18100,0,431.8628845214844,0.19671225547790527
18150,0,431.7881164550781,0.2014702409505844
18200,0,431.7826843261719,0.23020410537719727
18250,0,431.66705322265625,0.1927790492773056
18300,0,431.60015869140625,0.19148577749729156
18350,0,431.52764892578125,0.1965070366859436
18400,0,431.4476318359375,0.18901985883712769
18450,0,431.34844970703125,0.20211336016654968
18500,0,431.2628479003906,0.1865416318178177
18550,0,431.14642333984375,0.18598642945289612
18600,0,431.08514404296875,0.1842610090970993
18650,0,430.9868469238281,0.18299826979637146
18700,0,430.8836669921875,0.1818368285894394
18750,0,430.7730407714844,0.18454307317733765
18800,0,430.6720886230469,0.179569274187088
18850,0,430.53253173828125,0.18478192389011383
18900,0,430.4384765625,0.17734739184379578
18950,0,430.3795471191406,0.2246783971786499
19000,0,430.2004089355469,0.17549733817577362
19050,0,430.0758972167969,0.17401829361915588
19100,0,429.8875732421875,0.1943761110305786
19150,0,429.8050537109375,0.17192494869232178
19200,0,429.6651916503906,0.17227421700954437
19250,0,429.53790283203125,0.1697365790605545
19300,0,429.4298400878906,0.19914281368255615
19350,0,429.25396728515625,0.16773365437984467
19400,0,429.10113525390625,0.1757451444864273
19450,0,428.9358825683594,0.16757364571094513
19500,0,428.78936767578125,0.16561082005500793
19550,0,428.6510314941406,0.16352179646492004
19600,0,428.4007568359375,0.22990180552005768
19650,0,428.32489013671875,0.16154026985168457
19700,0,428.194580078125,0.18371912837028503
19750,0,428.0054626464844,0.1596388816833496
19800,0,427.8629150390625,0.1760968118906021
19850,0,427.6861572265625,0.1576940417289734
19900,0,427.5163269042969,0.15655553340911865
19950,0,427.33001708984375,0.1624455451965332
0,1e-05,4446.43115234375,144995.390625
50,1e-05,2507.162109375,41271.4296875
100,1e-05,1731.302001953125,16085.61328125
150,1e-05,1341.2481689453125,7559.79833984375
200,1e-05,1108.7176513671875,3984.71630859375
250,1e-05,958.3305053710938,2269.797119140625
300,1e-05,855.58740234375,1365.9417724609375
350,1e-05,782.3626098632812,855.7056274414062
400,1e-05,728.3777465820312,552.62255859375
450,1e-05,687.4563598632812,365.61322021484375
500,1e-05,655.7125854492188,246.91098022460938
550,1e-05,630.6069946289062,169.97386169433594
600,1e-05,610.4278564453125,119.34886932373047
650,1e-05,593.9889526367188,85.68187713623047
700,1e-05,580.4501342773438,63.13416290283203
750,1e-05,569.2024536132812,47.9688720703125
800,1e-05,559.7962646484375,37.748268127441406
850,1e-05,551.8926391601562,30.858766555786133
900,1e-05,545.2310180664062,26.220090866088867
950,1e-05,539.607177734375,23.103673934936523
1000,1e-05,534.85791015625,21.015869140625
1050,1e-05,530.849853515625,19.621192932128906
1100,1e-05,527.472900390625,18.69145965576172
1150,1e-05,524.6336059570312,18.071788787841797
1200,1e-05,522.252685546875,17.657302856445312
1250,1e-05,520.2611694335938,17.377260208129883
1300,1e-05,518.5994262695312,17.184345245361328
1350,1e-05,517.2157592773438,17.04707908630371
1400,1e-05,516.0646362304688,16.944732666015625
1450,1e-05,515.1064453125,16.863847732543945
1500,1e-05,514.3067016601562,16.795732498168945
1550,1e-05,513.6358032226562,16.734895706176758
1600,1e-05,513.069580078125,16.67788314819336
1650,1e-05,512.5856323242188,16.622600555419922
1700,1e-05,512.1660766601562,16.567729949951172
1750,1e-05,511.7960205078125,16.512523651123047
1800,1e-05,511.4635314941406,16.456546783447266
1850,1e-05,511.1587219238281,16.399518966674805
1900,1e-05,510.8737487792969,16.341304779052734
1950,1e-05,510.6018981933594,16.281827926635742
2000,1e-05,510.3377990722656,16.221017837524414
2050,1e-05,510.0789794921875,16.158857345581055
2100,1e-05,509.82183837890625,16.095312118530273
2150,1e-05,509.565185546875,16.030397415161133
2200,1e-05,509.3064270019531,15.964078903198242
2250,1e-05,509.0435485839844,15.896340370178223
2300,1e-05,508.77642822265625,15.82718276977539
2350,1e-05,508.5050048828125,15.756592750549316
2400,1e-05,508.22784423828125,15.684564590454102
2450,1e-05,507.94451904296875,15.611072540283203
2500,1e-05,507.65509033203125,15.536128044128418
2550,1e-05,507.3599853515625,15.45970344543457
2600,1e-05,507.0589904785156,15.381799697875977
2650,1e-05,506.7511901855469,15.302411079406738
2700,1e-05,506.43597412109375,15.22153091430664
2750,1e-05,506.1141662597656,15.139127731323242
2800,1e-05,505.7860412597656,15.055206298828125
2850,1e-05,505.4515686035156,14.96977710723877
2900,1e-05,505.1076965332031,14.882797241210938
2950,1e-05,504.75701904296875,14.79427719116211
3000,1e-05,504.39947509765625,14.704216003417969
3050,1e-05,504.03277587890625,14.612600326538086
3100,1e-05,503.6590576171875,14.519420623779297
3150,1e-05,503.27734375,14.424684524536133
3200,1e-05,502.88714599609375,14.328370094299316
3250,1e-05,502.48797607421875,14.230493545532227
3300,1e-05,502.08123779296875,14.1310396194458
3350,1e-05,501.6643981933594,14.029989242553711
3400,1e-05,501.2396545410156,13.927388191223145
3450,1e-05,500.8055114746094,13.823193550109863
3500,1e-05,500.3612060546875,13.717418670654297
3550,1e-05,499.9075927734375,13.61007022857666
3600,1e-05,499.4434509277344,13.50114917755127
3650,1e-05,498.9697265625,13.39067268371582
3700,1e-05,498.485107421875,13.278621673583984
3750,1e-05,497.98992919921875,13.165035247802734
3800,1e-05,497.48394775390625,13.04990005493164
3850,1e-05,496.96649169921875,12.933234214782715
3900,1e-05,496.43792724609375,12.815051078796387
3950,1e-05,495.8971862792969,12.695368766784668
4000,1e-05,495.3451232910156,12.574189186096191
4050,1e-05,494.7804870605469,12.45155143737793
4100,1e-05,494.20306396484375,12.327452659606934
4150,1e-05,493.6124267578125,12.201931953430176
4200,1e-05,493.0085144042969,12.075013160705566
4250,1e-05,492.3915710449219,11.946722030639648
4300,1e-05,491.7605285644531,11.817085266113281
4350,1e-05,491.1158142089844,11.68613052368164
4400,1e-05,490.45623779296875,11.553898811340332
4450,1e-05,489.78216552734375,11.420427322387695
4500,1e-05,489.0934143066406,11.285746574401855
4550,1e-05,488.3892517089844,11.149911880493164
4600,1e-05,487.6695556640625,11.012948989868164
4650,1e-05,486.9344787597656,10.874920845031738
4700,1e-05,486.1832275390625,10.735870361328125
4750,1e-05,485.4155578613281,10.595853805541992
4800,1e-05,484.6316223144531,10.454914093017578
4850,1e-05,483.8310852050781,10.313125610351562
4900,1e-05,483.0137939453125,10.170536041259766
4950,1e-05,482.1792297363281,10.027213096618652
5000,1e-05,481.327392578125,9.883227348327637
5050,1e-05,480.4586181640625,9.738637924194336
5100,1e-05,479.5723876953125,9.593517303466797
5150,1e-05,478.6686096191406,9.447946548461914
5200,1e-05,477.7471923828125,9.301994323730469
5250,1e-05,476.8083801269531,9.155744552612305
5300,1e-05,475.8519287109375,9.00927734375
5350,1e-05,474.8782958984375,8.862672805786133
5400,1e-05,473.88677978515625,8.716014862060547
5450,1e-05,472.8785095214844,8.569396018981934
5500,1e-05,471.8527526855469,8.422901153564453
5550,1e-05,470.8104248046875,8.276629447937012
5600,1e-05,469.75115966796875,8.130661010742188
5650,1e-05,468.6755676269531,7.9850969314575195
5700,1e-05,467.584228515625,7.840034484863281
5750,1e-05,466.4769287109375,7.695560932159424
5800,1e-05,465.3547058105469,7.5517754554748535
5850,1e-05,464.2176818847656,7.408779621124268
5900,1e-05,463.0665283203125,7.266671180725098
5950,1e-05,461.9012145996094,7.1255340576171875
6000,1e-05,460.723388671875,6.985467433929443
6050,1e-05,459.5332946777344,6.846580505371094
6100,1e-05,458.3315124511719,6.708961486816406
6150,1e-05,457.1188049316406,6.5727057456970215
6200,1e-05,455.89599609375,6.437900066375732
6250,1e-05,454.6640319824219,6.304640293121338
6300,1e-05,453.4239501953125,6.1730170249938965
6350,1e-05,452.176513671875,6.0431060791015625
6400,1e-05,450.92242431640625,5.914991855621338
6450,1e-05,449.6630554199219,5.788758754730225
6500,1e-05,448.39971923828125,5.664480686187744
6550,1e-05,447.1328430175781,5.542229175567627
6600,1e-05,445.8636474609375,5.4220733642578125
6650,1e-05,444.59381103515625,5.304080009460449
6700,1e-05,443.323974609375,5.188303470611572
6750,1e-05,442.05511474609375,5.074804306030273
6800,1e-05,440.7892150878906,4.963626384735107
6850,1e-05,439.5268859863281,4.854825019836426
6900,1e-05,438.26934814453125,4.748429775238037
6950,1e-05,437.0173645019531,4.6444807052612305
7000,1e-05,435.7729187011719,4.543005466461182
7050,1e-05,434.5368957519531,4.444032669067383
7100,1e-05,433.31024169921875,4.3475728034973145
7150,1e-05,432.0944519042969,4.253645896911621
7200,1e-05,430.890380859375,4.162258625030518
7250,1e-05,429.6989440917969,4.073412895202637
7300,1e-05,428.5216064453125,3.987098455429077
7350,1e-05,427.359375,3.903313398361206
7400,1e-05,426.2129211425781,3.8220465183258057
7450,1e-05,425.083251953125,3.7432734966278076
7500,1e-05,423.9714050292969,3.666973352432251
7550,1e-05,422.8785095214844,3.593116283416748
7600,1e-05,421.80450439453125,3.5216739177703857
7650,1e-05,420.7510986328125,3.452603340148926
7700,1e-05,419.7186584472656,3.385868787765503
7750,1e-05,418.70745849609375,3.321427822113037
7800,1e-05,417.7183532714844,3.2592272758483887
7850,1e-05,416.752197265625,3.199225664138794
7900,1e-05,415.80889892578125,3.1413586139678955
7950,1e-05,414.8891906738281,3.0855844020843506
8000,1e-05,413.99346923828125,3.031832695007324
8050,1e-05,413.1217041015625,2.9800503253936768
8100,1e-05,412.2747497558594,2.930175304412842
8150,1e-05,411.451904296875,2.88214373588562
8200,1e-05,410.6537780761719,2.8358938694000244
8250,1e-05,409.8808898925781,2.7913637161254883
8300,1e-05,409.1324157714844,2.748486042022705
8350,1e-05,408.4088134765625,2.7071995735168457
8400,1e-05,407.71014404296875,2.6674320697784424
8450,1e-05,407.0357971191406,2.62912917137146
8500,1e-05,406.38580322265625,2.5922231674194336
8550,1e-05,405.7604064941406,2.556650161743164
8600,1e-05,405.1588439941406,2.5223464965820312
8650,1e-05,404.58074951171875,2.489250898361206
8700,1e-05,404.0262145996094,2.4573097229003906
8750,1e-05,403.4949951171875,2.4264559745788574
8800,1e-05,402.9866027832031,2.396639347076416
8850,1e-05,402.5005187988281,2.367795705795288
8900,1e-05,402.0363464355469,2.339879274368286
8950,1e-05,401.5938720703125,2.3128321170806885
9000,1e-05,401.1726379394531,2.286604881286621
9050,1e-05,400.77197265625,2.2611494064331055
9100,1e-05,400.3916320800781,2.236414909362793
9150,1e-05,400.03106689453125,2.212358236312866
9200,1e-05,399.6898193359375,2.188934803009033
9250,1e-05,399.3675231933594,2.1661036014556885
9300,1e-05,399.0639953613281,2.1438252925872803
9350,1e-05,398.7781677246094,2.1220571994781494
9400,1e-05,398.5096130371094,2.100766658782959
9450,1e-05,398.2584533691406,2.0799155235290527
9500,1e-05,398.0235290527344,2.0594747066497803
9550,1e-05,397.8049011230469,2.0394086837768555
9600,1e-05,397.6016540527344,2.0196914672851562
9650,1e-05,397.4138488769531,2.0002920627593994
9700,1e-05,397.24053955078125,1.9811863899230957
9750,1e-05,397.0815734863281,1.9623459577560425
9800,1e-05,396.9366149902344,1.9437505006790161
9850,1e-05,396.80499267578125,1.9253766536712646
9900,1e-05,396.6864318847656,1.9072012901306152
9950,1e-05,396.5804138183594,1.8892096281051636
10000,1e-05,396.4867858886719,1.8713788986206055
10050,1e-05,396.4049072265625,1.8536961078643799
10100,1e-05,396.3344421386719,1.83614182472229
10150,1e-05,396.2752380371094,1.818704605102539
10200,1e-05,396.226806640625,1.8013684749603271
10250,1e-05,396.1888427734375,1.7841172218322754
10300,1e-05,396.1611022949219,1.7669483423233032
10350,1e-05,396.1432189941406,1.749841570854187
10400,1e-05,396.1348876953125,1.7327946424484253
10450,1e-05,396.1358947753906,1.7157883644104004
10500,1e-05,396.1458740234375,1.6988216638565063
10550,1e-05,396.164794921875,1.681883454322815
10600,1e-05,396.1923828125,1.6649694442749023
10650,1e-05,396.2283935546875,1.648069977760315
10700,1e-05,396.2726745605469,1.6311776638031006
10750,1e-05,396.3251037597656,1.61428964138031
10800,1e-05,396.3853454589844,1.5973994731903076
10850,1e-05,396.45343017578125,1.5805020332336426
10900,1e-05,396.52911376953125,1.563592791557312
10950,1e-05,396.6125183105469,1.5466681718826294
11000,1e-05,396.7033996582031,1.5297259092330933
11050,1e-05,396.80169677734375,1.5127615928649902
11100,1e-05,396.9075622558594,1.4957703351974487
11150,1e-05,397.02032470703125,1.4787516593933105
11200,1e-05,397.18426513671875,1.4629014730453491
11250,1e-05,397.2691955566406,1.444765567779541
11300,1e-05,397.4090270996094,1.4277641773223877
11350,1e-05,397.54937744140625,1.4107364416122437
11400,1e-05,397.62310791015625,1.396979808807373
11450,1e-05,397.8558349609375,1.3767424821853638
11500,1e-05,398.0212097167969,1.3598253726959229
11550,1e-05,398.187744140625,1.342869758605957
11600,1e-05,398.3601379394531,1.3258777856826782
11650,1e-05,398.54058837890625,1.3088455200195312
11700,1e-05,398.79925537109375,1.2951160669326782
11750,1e-05,398.9296875,1.2750048637390137
11800,1e-05,399.1417541503906,1.2580926418304443
11850,1e-05,399.3509216308594,1.2411712408065796
11900,1e-05,399.5687561035156,1.2242122888565063
11950,1e-05,399.8307800292969,1.2080670595169067
12000,1e-05,400.02850341796875,1.1904537677764893
12050,1e-05,400.2887268066406,1.1735925674438477
12100,1e-05,400.53863525390625,1.156768798828125
12150,1e-05,400.7976379394531,1.1399116516113281
12200,1e-05,401.0523376464844,1.123180627822876
12250,1e-05,401.35028076171875,1.1062767505645752
12300,1e-05,401.6448059082031,1.089600920677185
12350,1e-05,401.93792724609375,1.0728979110717773
12400,1e-05,402.2411193847656,1.0561691522598267
12450,1e-05,402.66455078125,1.051533579826355
12500,1e-05,402.8934631347656,1.0229872465133667
12550,1e-05,403.22076416015625,1.006464958190918
12600,1e-05,403.5580749511719,0.9899522066116333
12650,1e-05,403.9104919433594,0.9734447002410889
12700,1e-05,404.2416076660156,0.9582899808883667
12750,1e-05,404.64154052734375,0.9409326314926147
12800,1e-05,405.0146179199219,0.9247487783432007
12850,1e-05,405.3943176269531,0.9085703492164612
12900,1e-05,405.79656982421875,0.8926202058792114
12950,1e-05,406.2152404785156,0.8774253129959106
13000,1e-05,406.60479736328125,0.8608176112174988
13050,1e-05,407.0124206542969,0.8451180458068848
13100,1e-05,407.4290771484375,0.8294340968132019
13150,1e-05,407.9747009277344,0.8483593463897705
13200,1e-05,408.3066711425781,0.7986409664154053
13250,1e-05,408.7410583496094,0.7835417985916138
13300,1e-05,409.1800842285156,0.7684959173202515
13350,1e-05,409.62725830078125,0.7534856796264648
13400,1e-05,410.0646057128906,0.7417994737625122
13450,1e-05,410.55120849609375,0.7244234681129456
13500,1e-05,411.0076904296875,0.710124671459198
13550,1e-05,411.46807861328125,0.6958832144737244
13600,1e-05,411.95361328125,0.6861528158187866
13650,1e-05,412.4162902832031,0.6684157252311707
13700,1e-05,412.8763427734375,0.6551473140716553
13750,1e-05,413.33697509765625,0.6419374942779541
13800,1e-05,413.8038330078125,0.6287970542907715
13850,1e-05,414.26739501953125,0.6159975528717041
13900,1e-05,414.7513732910156,0.6038176417350769
13950,1e-05,415.2056884765625,0.5914257168769836
14000,1e-05,415.6641540527344,0.5793719291687012
14050,1e-05,416.12738037109375,0.5674093961715698
14100,1e-05,416.5910949707031,0.5569714903831482
14150,1e-05,417.0418701171875,0.5448309183120728
14200,1e-05,417.4839172363281,0.5338422656059265
14250,1e-05,417.929443359375,0.5230219960212708
14300,1e-05,418.37872314453125,0.5123122334480286
14350,1e-05,418.82196044921875,0.5077318549156189
14400,1e-05,419.24139404296875,0.4922637939453125
14450,1e-05,419.663818359375,0.4825918674468994
14500,1e-05,420.0882568359375,0.47303155064582825
14550,1e-05,420.51513671875,0.46360403299331665
14600,1e-05,420.90814208984375,0.4571443796157837
14650,1e-05,421.319091796875,0.44603896141052246
14700,1e-05,421.71710205078125,0.43753618001937866
14750,1e-05,422.115966796875,0.4291767179965973
14800,1e-05,422.5160827636719,0.4211011528968811
14850,1e-05,422.8813171386719,0.41534435749053955
14900,1e-05,423.25067138671875,0.40581268072128296
14950,1e-05,423.61468505859375,0.3985106348991394
15000,1e-05,423.9805603027344,0.39132630825042725
15050,1e-05,424.34735107421875,0.38427332043647766
15100,1e-05,424.62725830078125,0.3876444399356842
15150,1e-05,425.00286865234375,0.3712827265262604
15200,1e-05,425.322021484375,0.3650144338607788
15250,1e-05,425.6015319824219,0.3941589593887329
15300,1e-05,425.939208984375,0.35360899567604065
15350,1e-05,426.2410888671875,0.3473164439201355
15400,1e-05,426.53717041015625,0.341888964176178
15450,1e-05,426.80596923828125,0.33726224303245544
15500,1e-05,427.0625,0.3548976182937622
15550,1e-05,427.3435363769531,0.3263317048549652
15600,1e-05,427.60064697265625,0.32495951652526855
15650,1e-05,427.8462219238281,0.3168448209762573
15700,1e-05,428.0937805175781,0.3125210702419281
15750,1e-05,428.3193054199219,0.3084418475627899
15800,1e-05,428.55029296875,0.30702370405197144
15850,1e-05,428.7698669433594,0.29947027564048767
15900,1e-05,429.00787353515625,0.29865843057632446
15950,1e-05,429.1792907714844,0.2924604117870331
16000,1e-05,429.36907958984375,0.2889658212661743
16050,1e-05,429.5530700683594,0.28439196944236755
16100,1e-05,429.74615478515625,0.29606252908706665
16150,1e-05,429.9008483886719,0.2775593400001526
16200,1e-05,430.0530090332031,0.2774762511253357
16250,1e-05,430.227783203125,0.27101096510887146
16300,1e-05,430.3708190917969,0.2686437964439392
16350,1e-05,430.515380859375,0.26483607292175293
16400,1e-05,430.66864013671875,0.2630106508731842
16450,1e-05,430.7727966308594,0.2597562074661255
16500,1e-05,430.8753356933594,0.2806541621685028
16550,1e-05,431.0083923339844,0.25371435284614563
16600,1e-05,431.1141357421875,0.25170356035232544
16650,1e-05,431.2045593261719,0.24983856081962585
16700,1e-05,431.3581237792969,0.2653355598449707
16750,1e-05,431.4014587402344,0.2436886876821518
16800,1e-05,431.50909423828125,0.30500665307044983
16850,1e-05,431.5624694824219,0.23975861072540283
16900,1e-05,431.63525390625,0.23678497970104218
16950,1e-05,431.7325744628906,0.24328170716762543
17000,1e-05,431.7416687011719,0.2326335310935974
17050,1e-05,431.7972106933594,0.2304924875497818
17100,1e-05,431.8593444824219,0.24925696849822998
17150,1e-05,431.88800048828125,0.22667112946510315
17200,1e-05,431.92218017578125,0.2246735543012619
17250,1e-05,431.9114990234375,0.2323800027370453
17300,1e-05,431.9610595703125,0.2210199534893036
17350,1e-05,431.9644775390625,0.21959953010082245
17400,1e-05,431.9948425292969,0.21751366555690765
17450,1e-05,432.0039367675781,0.21574586629867554
17500,1e-05,432.044677734375,0.2447301745414734
17550,1e-05,431.99053955078125,0.21276718378067017
17600,1e-05,431.99615478515625,0.2108718603849411
17650,1e-05,431.96917724609375,0.22985245287418365
17700,1e-05,431.958251953125,0.2078220546245575
17750,1e-05,431.9365539550781,0.20627489686012268
17800,1e-05,431.8272399902344,0.2862706482410431
17850,1e-05,431.8841857910156,0.20368291437625885
17900,1e-05,431.84576416015625,0.20190496742725372
17950,1e-05,431.8570556640625,0.24724271893501282
18000,1e-05,431.7401123046875,0.19915133714675903
18050,1e-05,431.7110290527344,0.20558740198612213
18100,1e-05,431.6363830566406,0.19643858075141907
18150,1e-05,431.5760192871094,0.1950969249010086
18200,1e-05,431.5149230957031,0.19607745110988617
18250,1e-05,431.45068359375,0.19250573217868805
18300,1e-05,431.36370849609375,0.19206921756267548
18350,1e-05,431.306884765625,0.19330242276191711
18400,1e-05,431.2004089355469,0.18959753215312958
18450,1e-05,431.129150390625,0.18743248283863068
18500,1e-05,431.077880859375,0.22586505115032196
18550,1e-05,430.92816162109375,0.1851474493741989
18600,1e-05,430.8541259765625,0.19355586171150208
18650,1e-05,430.74188232421875,0.1826697289943695
18700,1e-05,430.60614013671875,0.183048814535141
18750,1e-05,430.5281982421875,0.18032130599021912
18800,1e-05,430.4095153808594,0.1880117505788803
18850,1e-05,430.3345642089844,0.20225068926811218
18900,1e-05,430.1703186035156,0.17725767195224762
18950,1e-05,430.071044921875,0.18962764739990234
19000,1e-05,429.9288330078125,0.17473462224006653
19050,1e-05,429.78228759765625,0.1753711700439453
19100,1e-05,429.6435241699219,0.17748793959617615
19150,1e-05,429.53582763671875,0.17255279421806335
19200,1e-05,429.4072570800781,0.17038315534591675
19250,1e-05,429.2710876464844,0.16933779418468475
19300,1e-05,429.1097717285156,0.18617963790893555
19350,1e-05,428.9712219238281,0.1674465835094452
19400,1e-05,428.76141357421875,0.20932945609092712
19450,1e-05,428.68206787109375,0.16557273268699646
19500,1e-05,428.5268249511719,0.164186030626297
19550,1e-05,428.30120849609375,0.17273858189582825
19600,1e-05,428.2127380371094,0.16218264400959015
19650,1e-05,428.0537109375,0.16456392407417297
19700,1e-05,427.8868408203125,0.16046641767024994
19750,1e-05,427.70831298828125,0.15963011980056763
19800,1e-05,427.563720703125,0.15816137194633484
19850,1e-05,427.39453125,0.15717124938964844
19900,1e-05,427.20733642578125,0.1586592197418213
19950,1e-05,427.04888916015625,0.1552501618862152
0,0.0001,4446.43115234375,144995.390625
50,0.0001,2507.16162109375,41271.42578125
100,0.0001,1731.3004150390625,16085.6025390625
150,0.0001,1341.245849609375,7559.78564453125
200,0.0001,1108.7144775390625,3984.702392578125
250,0.0001,958.3264770507812,2269.784912109375
300,0.0001,855.5825805664062,1365.9310302734375
350,0.0001,782.3572998046875,855.697021484375
400,0.0001,728.3717651367188,552.6151733398438
450,0.0001,687.4497680664062,365.6066589355469
500,0.0001,655.7053833007812,246.90565490722656
550,0.0001,630.59912109375,169.96922302246094
600,0.0001,610.419189453125,119.34467315673828
650,0.0001,593.979736328125,85.6781234741211
700,0.0001,580.4402465820312,63.13093948364258
750,0.0001,569.1918334960938,47.965980529785156
800,0.0001,559.784912109375,37.74569320678711
850,0.0001,551.8804931640625,30.856464385986328
900,0.0001,545.2183837890625,26.21810531616211
950,0.0001,539.5938110351562,23.1019287109375
1000,0.0001,534.8438110351562,21.014368057250977
1050,0.0001,530.8351440429688,19.619874954223633
1100,0.0001,527.45751953125,18.690332412719727
1150,0.0001,524.6175537109375,18.070819854736328
1200,0.0001,522.2359619140625,17.65644645690918
1250,0.0001,520.2437744140625,17.376523971557617
1300,0.0001,518.581298828125,17.18369483947754
1350,0.0001,517.1968994140625,17.046504974365234
1400,0.0001,516.0451049804688,16.9442138671875
1450,0.0001,515.086181640625,16.86337661743164
1500,0.0001,514.2857055664062,16.795303344726562
1550,0.0001,513.6142578125,16.734485626220703
1600,0.0001,513.04736328125,16.6774959564209
1650,0.0001,512.5626831054688,16.622228622436523
1700,0.0001,512.1423950195312,16.567363739013672
1750,0.0001,511.7716979980469,16.512161254882812
1800,0.0001,511.4384460449219,16.456178665161133
1850,0.0001,511.13287353515625,16.39913558959961
1900,0.0001,510.84716796875,16.340927124023438
1950,0.0001,510.574462890625,16.28143310546875
2000,0.0001,510.30950927734375,16.220609664916992
2050,0.0001,510.0500183105469,16.158430099487305
2100,0.0001,509.79217529296875,16.09488296508789
2150,0.0001,509.5346374511719,16.029939651489258
2200,0.0001,509.2748107910156,15.96359920501709
2250,0.0001,509.0111999511719,15.895841598510742
2300,0.0001,508.74322509765625,15.82666301727295
2350,0.0001,508.4709167480469,15.756062507629395
2400,0.0001,508.1929626464844,15.684013366699219
2450,0.0001,507.9085998535156,15.610501289367676
2500,0.0001,507.6180419921875,15.535531997680664
2550,0.0001,507.322021484375,15.459100723266602
2600,0.0001,507.01995849609375,15.381176948547363
2650,0.0001,506.7112731933594,15.30176830291748
2700,0.0001,506.3950500488281,15.22086238861084
2750,0.0001,506.0724182128906,15.138436317443848
2800,0.0001,505.74322509765625,15.054500579833984
2850,0.0001,505.40753173828125,14.969045639038086
2900,0.0001,505.0625,14.882052421569824
2950,0.0001,504.71075439453125,14.793509483337402
3000,0.0001,504.35205078125,14.703420639038086
3050,0.0001,503.9841613769531,14.611771583557129
3100,0.0001,503.6093444824219,14.51856803894043
3150,0.0001,503.2263488769531,14.423806190490723
3200,0.0001,502.8347473144531,14.327478408813477
3250,0.0001,502.4341125488281,14.22956657409668
3300,0.0001,502.02593994140625,14.130080223083496
3350,0.0001,501.60784912109375,14.029020309448242
3400,0.0001,501.181884765625,13.926371574401855
3450,0.0001,500.74615478515625,13.82215404510498
3500,0.0001,500.3004150390625,13.716344833374023
3550,0.0001,499.84539794921875,13.608966827392578
3600,0.0001,499.37982177734375,13.500029563903809
3650,0.0001,498.9046325683594,13.389521598815918
3700,0.0001,498.41845703125,13.277442932128906
3750,0.0001,497.9216613769531,13.16382122039795
3800,0.0001,497.41424560546875,13.0486478805542
3850,0.0001,496.89508056640625,12.931944847106934
3900,0.0001,496.3647766113281,12.813729286193848
3950,0.0001,495.8223876953125,12.694007873535156
4000,0.0001,495.2687072753906,12.57278823852539
4050,0.0001,494.70233154296875,12.450112342834473
4100,0.0001,494.12298583984375,12.325979232788086
4150,0.0001,493.5306701660156,12.200425148010254
4200,0.0001,492.9249572753906,12.073464393615723
4250,0.0001,492.305908203125,11.94512939453125
4300,0.0001,491.6729736328125,11.81545639038086
4350,0.0001,491.0262451171875,11.684459686279297
4400,0.0001,490.36474609375,11.552191734313965
4450,0.0001,489.68865966796875,11.418680191040039
4500,0.0001,488.997802734375,11.283955574035645
4550,0.0001,488.2916259765625,11.14808177947998
4600,0.0001,487.5697326660156,11.01108169555664
4650,0.0001,486.8324890136719,10.873011589050293
4700,0.0001,486.07904052734375,10.733919143676758
4750,0.0001,485.3091125488281,10.593857765197754
4800,0.0001,484.5230407714844,10.452881813049316
4850,0.0001,483.72003173828125,10.311054229736328
4900,0.0001,482.9005432128906,10.16842269897461
4950,0.0001,482.0636901855469,10.02506160736084
5000,0.0001,481.2095031738281,9.881036758422852
5050,0.0001,480.3382263183594,9.736408233642578
5100,0.0001,479.4494934082031,9.591251373291016
5150,0.0001,478.54327392578125,9.44564151763916
5200,0.0001,477.6193542480469,9.299661636352539
5250,0.0001,476.67803955078125,9.153372764587402
5300,0.0001,475.71905517578125,9.006864547729492
5350,0.0001,474.7426452636719,8.860233306884766
5400,0.0001,473.74871826171875,8.713542938232422
5450,0.0001,472.7377014160156,8.566896438598633
5500,0.0001,471.70928955078125,8.420376777648926
5550,0.0001,470.6641540527344,8.27407455444336
5600,0.0001,469.6022644042969,8.128091812133789
5650,0.0001,468.52374267578125,7.98250675201416
5700,0.0001,467.4295959472656,7.837421417236328
5750,0.0001,466.3194885253906,7.692929267883301
5800,0.0001,465.19439697265625,7.549129486083984
5850,0.0001,464.0545349121094,7.406121730804443
5900,0.0001,462.90045166015625,7.264000415802002
5950,0.0001,461.73223876953125,7.122859954833984
6000,0.0001,460.5513916015625,6.982792854309082
6050,0.0001,459.35821533203125,6.843903541564941
6100,0.0001,458.1534423828125,6.706286430358887
6150,0.0001,456.9377136230469,6.570034980773926
6200,0.0001,455.7119445800781,6.435238838195801
6250,0.0001,454.4771423339844,6.301990985870361
6300,0.0001,453.2338562011719,6.170378684997559
6350,0.0001,451.9833984375,6.040485858917236
6400,0.0001,450.72601318359375,5.912387847900391
6450,0.0001,449.4637451171875,5.786179542541504
6500,0.0001,448.19708251953125,5.661926746368408
6550,0.0001,446.9271240234375,5.539699077606201
6600,0.0001,445.6546936035156,5.419575214385986
6650,0.0001,444.381591796875,5.301609039306641
6700,0.0001,443.1084289550781,5.185866832733154
6750,0.0001,441.8363342285156,5.072399616241455
6800,0.0001,440.5670471191406,4.961263656616211
6850,0.0001,439.3014221191406,4.852499008178711
6900,0.0001,438.0404357910156,4.746145725250244
6950,0.0001,436.7851257324219,4.642243385314941
7000,0.0001,435.5373840332031,4.540812015533447
7050,0.0001,434.2978515625,4.44188928604126
7100,0.0001,433.0678405761719,4.345479965209961
7150,0.0001,431.8487243652344,4.251608371734619
7200,0.0001,430.64111328125,4.160271167755127
7250,0.0001,429.44610595703125,4.071478843688965
7300,0.0001,428.2653503417969,3.9852218627929688
7350,0.0001,427.099365234375,3.9014956951141357
7400,0.0001,425.9493408203125,3.820281744003296
7450,0.0001,424.8161315917969,3.741564989089966
7500,0.0001,423.7006530761719,3.6653196811676025
7550,0.0001,422.60406494140625,3.5915215015411377
7600,0.0001,421.5264587402344,3.5201375484466553
7650,0.0001,420.4691162109375,3.4511258602142334
7700,0.0001,419.4328918457031,3.3844521045684814
7750,0.0001,418.41766357421875,3.3200647830963135
7800,0.0001,417.4247741699219,3.2579267024993896
7850,0.0001,416.4547119140625,3.1979780197143555
7900,0.0001,415.50738525390625,3.1401681900024414
7950,0.0001,414.5836181640625,3.0844480991363525
8000,0.0001,413.683837890625,3.030749559402466
8050,0.0001,412.807861328125,2.9790196418762207
8100,0.0001,411.9566955566406,2.9291985034942627
8150,0.0001,411.1297302246094,2.8812196254730225
8200,0.0001,410.32733154296875,2.8350229263305664
8250,0.0001,409.5500183105469,2.7905404567718506
8300,0.0001,408.79718017578125,2.747710704803467
8350,0.0001,408.0690612792969,2.706470489501953
8400,0.0001,407.36602783203125,2.666752338409424
8450,0.0001,406.68701171875,2.6284914016723633
8500,0.0001,406.03253173828125,2.5916285514831543
8550,0.0001,405.40252685546875,2.5560970306396484
8600,0.0001,404.79620361328125,2.5218346118927
8650,0.0001,404.21343994140625,2.4887821674346924
8700,0.0001,403.6541442871094,2.4568772315979004
8750,0.0001,403.1179504394531,2.4260616302490234
8800,0.0001,402.604736328125,2.3962793350219727
8850,0.0001,402.1136474609375,2.3674731254577637
8900,0.0001,401.6446228027344,2.339587688446045
8950,0.0001,401.1969909667969,2.312572479248047
9000,0.0001,400.77056884765625,2.2863759994506836
9050,0.0001,400.3646545410156,2.2609477043151855
9100,0.0001,399.9790954589844,2.2362422943115234
9150,0.0001,399.6133117675781,2.2122139930725098
9200,0.0001,399.2667541503906,2.1888163089752197
9250,0.0001,398.9389953613281,2.1660072803497314
9300,0.0001,398.62982177734375,2.143751621246338
9350,0.0001,398.3385009765625,2.1220085620880127
9400,0.0001,398.064453125,2.1007378101348877
9450,0.0001,397.8075866699219,2.079908847808838
9500,0.0001,397.56707763671875,2.059487819671631
9550,0.0001,397.3426818847656,2.0394415855407715
9600,0.0001,397.1336669921875,2.0197417736053467
9650,0.0001,396.94012451171875,2.000361442565918
9700,0.0001,396.7609558105469,1.9812726974487305
9750,0.0001,396.5961608886719,1.962449073791504
9800,0.0001,396.4451599121094,1.9438705444335938
9850,0.0001,396.3074951171875,1.9255123138427734
9900,0.0001,396.1827392578125,1.9073550701141357
9950,0.0001,396.07073974609375,1.889375925064087
10000,0.0001,395.97076416015625,1.8715617656707764
10050,0.0001,395.882568359375,1.8538917303085327
10100,0.0001,395.8061218261719,1.8363531827926636
10150,0.0001,395.7404479980469,1.8189271688461304
10200,0.0001,395.6856384277344,1.8016059398651123
10250,0.0001,395.6412048339844,1.7843714952468872
10300,0.0001,395.60687255859375,1.7672148942947388
10350,0.0001,395.58258056640625,1.750123143196106
10400,0.0001,395.5675964355469,1.7330849170684814
10450,0.0001,395.5619812011719,1.716097354888916
10500,0.0001,395.56536865234375,1.6991448402404785
10550,0.0001,395.57757568359375,1.682222604751587
10600,0.0001,395.5983581542969,1.6653223037719727
10650,0.0001,395.62738037109375,1.6484358310699463
10700,0.0001,395.66485595703125,1.6315604448318481
10750,0.0001,395.7102355957031,1.6146860122680664
10800,0.0001,395.7635192871094,1.597811222076416
10850,0.0001,395.8245849609375,1.580931305885315
10900,0.0001,395.8931579589844,1.5640394687652588
10950,0.0001,395.96929931640625,1.5471314191818237
11000,0.0001,396.0531311035156,1.5302064418792725
11050,0.0001,396.14410400390625,1.5132596492767334
11100,0.0001,396.242431640625,1.4962857961654663
11150,0.0001,396.3480224609375,1.4792876243591309
11200,0.0001,396.36834716796875,1.4675666093826294
11250,0.0001,396.592529296875,1.4453535079956055
11300,0.0001,396.7174987792969,1.4283932447433472
11350,0.0001,396.8493957519531,1.4114264249801636
11400,0.0001,396.98797607421875,1.3944263458251953
11450,0.0001,396.99298095703125,1.3897379636764526
11500,0.0001,397.2901611328125,1.360449194908142
11550,0.0001,397.45361328125,1.3434957265853882
11600,0.0001,397.6212158203125,1.326500415802002
11650,0.0001,397.7442321777344,1.3110918998718262
11700,0.0001,397.9977111816406,1.2927409410476685
11750,0.0001,398.17449951171875,1.275708556175232
11800,0.0001,398.3704833984375,1.258801817893982
11850,0.0001,398.5727233886719,1.2418583631515503
11900,0.0001,398.77374267578125,1.224941372871399
11950,0.0001,398.9815673828125,1.2085845470428467
12000,0.0001,399.2416076660156,1.191264271736145
12050,0.0001,399.4787292480469,1.174456000328064
12100,0.0001,399.720947265625,1.157617211341858
12150,0.0001,399.9733581542969,1.1407452821731567
12200,0.0001,400.1829833984375,1.1263810396194458
12250,0.0001,400.5138244628906,1.1073163747787476
12300,0.0001,400.79754638671875,1.090648889541626
12350,0.0001,401.0826721191406,1.0739721059799194
12400,0.0001,401.3780517578125,1.0572682619094849
12450,0.0001,401.56512451171875,1.0532779693603516
12500,0.0001,402.00140380859375,1.024232029914856
12550,0.0001,402.33978271484375,1.0077663660049438
12600,0.0001,402.66619873046875,0.9913848638534546
12650,0.0001,403.00341796875,0.974990725517273
12700,0.0001,403.3509826660156,0.9585840106010437
12750,0.0001,403.68817138671875,0.9429913759231567
12800,0.0001,404.09429931640625,0.9261769652366638
12850,0.0001,404.4623718261719,0.9100393652915955
12900,0.0001,404.84271240234375,0.8939468860626221
12950,0.0001,405.15277099609375,0.8897027969360352
13000,0.0001,405.64849853515625,0.8622376918792725
13050,0.0001,406.0487365722656,0.8465356826782227
13100,0.0001,406.4570007324219,0.8308801651000977
13150,0.0001,406.9332580566406,0.8230225443840027
13200,0.0001,407.3045349121094,0.8005063533782959
13250,0.0001,407.7462158203125,0.7850567102432251
13300,0.0001,408.1763916015625,0.7700521349906921
13350,0.0001,408.61419677734375,0.7550797462463379
13400,0.0001,409.0830383300781,0.7422810792922974
13450,0.0001,409.5263366699219,0.7260081171989441
13500,0.0001,409.97216796875,0.7117778062820435
13550,0.0001,410.422607421875,0.6976017355918884
13600,0.0001,410.9018859863281,0.6872801780700684
13650,0.0001,411.35015869140625,0.6699715256690979
13700,0.0001,411.80828857421875,0.6566351652145386
13750,0.0001,412.26312255859375,0.6433697938919067
13800,0.0001,412.72314453125,0.6301866173744202
13850,0.0001,413.181640625,0.6188341975212097
13900,0.0001,413.6482238769531,0.6050716042518616
13950,0.0001,414.1002502441406,0.592785656452179
14000,0.0001,414.55572509765625,0.5805916786193848
14050,0.0001,414.99407958984375,0.5800374150276184
14100,0.0001,415.45880126953125,0.5574533343315125
14150,0.0001,415.89935302734375,0.5462022423744202
14200,0.0001,416.3391418457031,0.5351196527481079
14250,0.0001,416.7834167480469,0.524148166179657
14300,0.0001,417.2134094238281,0.5138981938362122
14350,0.0001,417.640380859375,0.5035406351089478
14400,0.0001,418.05987548828125,0.49355459213256836
14450,0.0001,418.4820251464844,0.483681857585907
14500,0.0001,418.92535400390625,0.5234770774841309
14550,0.0001,419.29986572265625,0.4650213122367859
14600,0.0001,419.69989013671875,0.45593100786209106
14650,0.0001,420.09674072265625,0.44712406396865845
14700,0.0001,420.4948425292969,0.43843981623649597
14750,0.0001,420.89349365234375,0.4320072829723358
14800,0.0001,421.2429504394531,0.4222307503223419
14850,0.0001,421.6095886230469,0.41444170475006104
14900,0.0001,421.9748840332031,0.4068407416343689
14950,0.0001,422.340087890625,0.39935746788978577
15000,0.0001,422.7174987792969,0.4286779761314392
15050,0.0001,423.0278015136719,0.3858804702758789
15100,0.0001,423.3572692871094,0.37862348556518555
15150,0.0001,423.6797180175781,0.37212640047073364
15200,0.0001,424.03082275390625,0.3817688226699829
15250,0.0001,424.29132080078125,0.3596538007259369
15300,0.0001,424.5974426269531,0.35364261269569397
15350,0.0001,424.8699645996094,0.35043081641197205
15400,0.0001,425.1675720214844,0.3423399329185486
15450,0.0001,425.44476318359375,0.3426629304885864
15500,0.0001,425.68829345703125,0.3321397006511688
15550,0.0001,425.9568176269531,0.3266861140727997
15600,0.0001,426.1559143066406,0.33890894055366516
15650,0.0001,426.4419860839844,0.3173990249633789
15700,0.0001,426.6624450683594,0.3142229914665222
15750,0.0001,426.884521484375,0.30908316373825073
15800,0.0001,427.09063720703125,0.30503177642822266
15850,0.0001,427.30535888671875,0.299786776304245
15900,0.0001,427.4766845703125,0.2985948920249939
15950,0.0001,427.6925048828125,0.29185381531715393
16000,0.0001,427.88751220703125,0.29244500398635864
16050,0.0001,428.05035400390625,0.28442254662513733
16100,0.0001,428.2044677734375,0.2951211631298065
16150,0.0001,428.37335205078125,0.27745193243026733
16200,0.0001,428.5571594238281,0.27819162607192993
16250,0.0001,428.6656188964844,0.28150463104248047
16300,0.0001,428.8080749511719,0.2681705951690674
16350,0.0001,428.9428405761719,0.26493293046951294
16400,0.0001,429.0591125488281,0.2618219554424286
16450,0.0001,429.1900939941406,0.2588006258010864
16500,0.0001,429.2658996582031,0.25776758790016174
16550,0.0001,429.373046875,0.3002302646636963
16600,0.0001,429.4806823730469,0.25118744373321533
16650,0.0001,429.5709533691406,0.24817964434623718
16700,0.0001,429.65533447265625,0.2456699162721634
16750,0.0001,429.7597961425781,0.2581492066383362
16800,0.0001,429.7845153808594,0.24165193736553192
16850,0.0001,429.8701171875,0.23856276273727417
16900,0.0001,429.90869140625,0.24221369624137878
16950,0.0001,429.9737854003906,0.2342051863670349
17000,0.0001,430.0258483886719,0.23250211775302887
17050,0.0001,430.06512451171875,0.23052725195884705
17100,0.0001,430.1053161621094,0.22783857583999634
17150,0.0001,430.1929931640625,0.2688499987125397
17200,0.0001,430.14239501953125,0.22396670281887054
17250,0.0001,430.1779479980469,0.23192983865737915
17300,0.0001,430.1799621582031,0.22010286152362823
17350,0.0001,430.18768310546875,0.21827763319015503
17400,0.0001,430.1671142578125,0.21674327552318573
17450,0.0001,430.1848449707031,0.2147609144449234
17500,0.0001,430.16607666015625,0.21305955946445465
17550,0.0001,430.160400390625,0.21154199540615082
17600,0.0001,430.1379699707031,0.21138896048069
17650,0.0001,430.1167297363281,0.20807121694087982
17700,0.0001,430.0580749511719,0.21082398295402527
17750,0.0001,430.0516052246094,0.20652920007705688
17800,0.0001,430.0099792480469,0.20437529683113098
17850,0.0001,429.96112060546875,0.20188120007514954
17900,0.0001,429.908447265625,0.20048651099205017
17950,0.0001,429.8158264160156,0.19986030459403992
18000,0.0001,429.7864685058594,0.19753096997737885
18050,0.0001,429.7458801269531,0.20495454967021942
18100,0.0001,429.6436462402344,0.1950491964817047
18150,0.0001,429.5838623046875,0.19338849186897278
18200,0.0001,429.5070495605469,0.19206677377223969
18250,0.0001,429.42352294921875,0.1929158717393875
18300,0.0001,429.3428039550781,0.18941788375377655
18350,0.0001,429.2467346191406,0.2311152070760727
18400,0.0001,429.15020751953125,0.18695591390132904
18450,0.0001,428.94921875,0.26253002882003784
18500,0.0001,428.9580993652344,0.18459996581077576
18550,0.0001,428.85040283203125,0.18313482403755188
18600,0.0001,428.7402648925781,0.18190515041351318
18650,0.0001,428.5775451660156,0.19228003919124603
18700,0.0001,428.5008850097656,0.1795618087053299
18750,0.0001,428.38116455078125,0.1783297061920166
18800,0.0001,428.2087707519531,0.1793699860572815
18850,0.0001,428.1421203613281,0.17612862586975098
18900,0.0001,428.01104736328125,0.17491893470287323
18950,0.0001,427.8777160644531,0.1737816333770752
19000,0.0001,427.7641906738281,0.1829085350036621
19050,0.0001,427.5793151855469,0.1721561700105667
19100,0.0001,427.4454345703125,0.17048434913158417
19150,0.0001,427.30120849609375,0.16939882934093475
19200,0.0001,427.1397705078125,0.17003220319747925
19250,0.0001,427.00836181640625,0.1684819459915161
19300,0.0001,426.86114501953125,0.1662435382604599
19350,0.0001,426.7082214355469,0.16519661247730255
19400,0.0001,426.550048828125,0.16414101421833038
19450,0.0001,426.37646484375,0.1648159921169281
19500,0.0001,426.19439697265625,0.16215485334396362
19550,0.0001,426.0450134277344,0.16100987792015076
19600,0.0001,425.873779296875,0.15998414158821106
19650,0.0001,425.67279052734375,0.16018694639205933
19700,0.0001,425.5330505371094,0.15798215568065643
19750,0.0001,425.3558044433594,0.15695349872112274
19800,0.0001,425.1529235839844,0.16695019602775574
19850,0.0001,424.9884033203125,0.15558691322803497
19900,0.0001,424.80609130859375,0.15396229922771454
19950,0.0001,424.619384765625,0.15296243131160736
0,0.001,4446.43115234375,144995.390625
50,0.001,2507.156005859375,41271.35546875
100,0.001,1731.2847900390625,16085.4609375
150,0.001,1341.2216796875,7559.64013671875
200,0.001,1108.68310546875,3984.5673828125
250,0.001,958.2880249023438,2269.667724609375
300,0.001,855.537353515625,1365.8319091796875
350,0.001,782.3051147460938,855.6136474609375
400,0.001,728.3128662109375,552.54345703125
450,0.001,687.3840942382812,365.5452880859375
500,0.001,655.6329956054688,246.85122680664062
550,0.001,630.5201416015625,169.92193603515625
600,0.001,610.3336181640625,119.30319213867188
650,0.001,593.8875122070312,85.64149475097656
700,0.001,580.3414916992188,63.09847640991211
750,0.001,569.0865478515625,47.937252044677734
800,0.001,559.6729736328125,37.72043228149414
850,0.001,551.7620239257812,30.834243774414062
900,0.001,545.093017578125,26.198511123657227
950,0.001,539.4617919921875,23.084745407104492
1000,0.001,534.704833984375,20.999372482299805
1050,0.001,530.6895751953125,19.606895446777344
1100,0.001,527.3052368164062,18.679044723510742
1150,0.001,524.4583740234375,18.061058044433594
1200,0.001,522.0698852539062,17.64801597595215
1250,0.001,520.0709838867188,17.369199752807617
1300,0.001,518.401611328125,17.177303314208984
1350,0.001,517.0101928710938,17.040870666503906
1400,0.001,515.8514404296875,16.939208984375
1450,0.001,514.8856811523438,16.85886573791504
1500,0.001,514.0783081054688,16.79115104675293
1550,0.001,513.3999633789062,16.730588912963867
1600,0.001,512.8256225585938,16.673782348632812
1650,0.001,512.3339233398438,16.618593215942383
1700,0.001,511.9064025878906,16.563772201538086
1750,0.001,511.5289001464844,16.508573532104492
1800,0.001,511.1883239746094,16.45255470275879
1850,0.001,510.875732421875,16.39544677734375
1900,0.001,510.5828552246094,16.33714485168457
1950,0.001,510.3021240234375,16.277530670166016
2000,0.001,510.029296875,16.216577529907227
2050,0.001,509.76177978515625,16.154247283935547
2100,0.001,509.4960021972656,16.09054946899414
2150,0.001,509.23016357421875,16.02544593811035
2200,0.001,508.9617919921875,15.958934783935547
2250,0.001,508.6899719238281,15.891012191772461
2300,0.001,508.41326904296875,15.821660041809082
2350,0.001,508.13134765625,15.750868797302246
2400,0.001,507.84405517578125,15.678641319274902
2450,0.001,507.5512390136719,15.604947090148926
2500,0.001,507.25091552734375,15.529787063598633
2550,0.001,506.94464111328125,15.453149795532227
2600,0.001,506.63226318359375,15.375030517578125
2650,0.001,506.31329345703125,15.295432090759277
2700,0.001,505.9870910644531,15.21430778503418
2750,0.001,505.6539306640625,15.131669044494629
2800,0.001,505.3132629394531,15.047513961791992
2850,0.001,504.96600341796875,14.961832046508789
2900,0.001,504.6102600097656,14.874611854553223
2950,0.001,504.2462463378906,14.785835266113281
3000,0.001,503.8753662109375,14.695513725280762
3050,0.001,503.4959411621094,14.603638648986816
3100,0.001,503.10845947265625,14.510189056396484
3150,0.001,502.71240234375,14.41517162322998
3200,0.001,502.30804443359375,14.318586349487305
3250,0.001,501.8946228027344,14.220414161682129
3300,0.001,501.4726867675781,14.120656967163086
3350,0.001,501.0420227050781,14.01931095123291
3400,0.001,500.6015319824219,13.916387557983398
3450,0.001,500.1513977050781,13.81186580657959
3500,0.001,499.6916809082031,13.705778121948242
3550,0.001,499.2215576171875,13.598109245300293
3600,0.001,498.7413635253906,13.488849639892578
3650,0.001,498.2503662109375,13.378024101257324
3700,0.001,497.748779296875,13.265625953674316
3750,0.001,497.23583984375,13.151674270629883
3800,0.001,496.7123718261719,13.03618049621582
3850,0.001,496.1767578125,12.919136047363281
3900,0.001,495.6296691894531,12.800580024719238
3950,0.001,495.07037353515625,12.680495262145996
4000,0.001,494.499267578125,12.558929443359375
4050,0.001,493.91455078125,12.435879707336426
4100,0.001,493.317626953125,12.311384201049805
4150,0.001,492.7067565917969,12.185446739196777
4200,0.001,492.0829772949219,12.058116912841797
4250,0.001,491.4447021484375,11.929394721984863
4300,0.001,490.792724609375,11.79932689666748
4350,0.001,490.1261291503906,11.66794490814209
4400,0.001,489.44482421875,11.535270690917969
4450,0.001,488.74853515625,11.401366233825684
4500,0.001,488.03704833984375,11.266244888305664
4550,0.001,487.3097839355469,11.129964828491211
4600,0.001,486.56689453125,10.992558479309082
4650,0.001,485.80792236328125,10.854086875915527
4700,0.001,485.0322570800781,10.71458911895752
4750,0.001,484.240478515625,10.574132919311523
4800,0.001,483.4316101074219,10.432756423950195
4850,0.001,482.60601806640625,10.290529251098633
4900,0.001,481.7627868652344,10.147502899169922
4950,0.001,480.9023742675781,10.003759384155273
5000,0.001,480.0245666503906,9.859343528747559
5050,0.001,479.1289367675781,9.714347839355469
5100,0.001,478.2156982421875,9.568821907043457
5150,0.001,477.2842712402344,9.422860145568848
5200,0.001,476.3353271484375,9.276531219482422
5250,0.001,475.36834716796875,9.129903793334961
5300,0.001,474.3836669921875,8.98308277130127
5350,0.001,473.3807373046875,8.836137771606445
5400,0.001,472.360595703125,8.68915843963623
5450,0.001,471.3225402832031,8.542241096496582
5500,0.001,470.2673034667969,8.395455360412598
5550,0.001,469.1948547363281,8.248915672302246
5600,0.001,468.10491943359375,8.102706909179688
5650,0.001,466.9984436035156,7.956920146942139
5700,0.001,465.8760070800781,7.811659336090088
5750,0.001,464.73760986328125,7.667001724243164
5800,0.001,463.5836486816406,7.523077011108398
5850,0.001,462.4146423339844,7.379957675933838
5900,0.001,461.2311096191406,7.237756729125977
5950,0.001,460.033447265625,7.096560955047607
6000,0.001,458.8228759765625,6.956465721130371
6050,0.001,457.5996398925781,6.817571640014648
6100,0.001,456.3647155761719,6.679977893829346
6150,0.001,455.1185607910156,6.543776035308838
6200,0.001,453.862060546875,6.409064769744873
6250,0.001,452.59625244140625,6.275928497314453
6300,0.001,451.3218078613281,6.144448280334473
6350,0.001,450.0400695800781,6.014721870422363
6400,0.001,448.7511291503906,5.8868184089660645
6450,0.001,447.45697021484375,5.760829925537109
6500,0.001,446.1583251953125,5.636821746826172
6550,0.001,444.8562316894531,5.51487398147583
6600,0.001,443.5515441894531,5.395051002502441
6650,0.001,442.2456970214844,5.277408123016357
6700,0.001,440.93988037109375,5.162014961242676
6750,0.001,439.6350402832031,5.0489301681518555
6800,0.001,438.33245849609375,4.938191890716553
6850,0.001,437.0334167480469,4.829851150512695
6900,0.001,435.7386779785156,4.723940372467041
6950,0.001,434.4498596191406,4.620492458343506
7000,0.001,433.1679382324219,4.519546985626221
7050,0.001,431.8940124511719,4.421114921569824
7100,0.001,430.62945556640625,4.325217247009277
7150,0.001,429.37542724609375,4.231871604919434
7200,0.001,428.1326904296875,4.141073226928711
7250,0.001,426.9023742675781,4.052826404571533
7300,0.001,425.6857604980469,3.967130661010742
7350,0.001,424.4838562011719,3.883972406387329
7400,0.001,423.2977294921875,3.8033368587493896
7450,0.001,422.1277770996094,3.7252049446105957
7500,0.001,420.97528076171875,3.6495473384857178
7550,0.001,419.84112548828125,3.5763394832611084
7600,0.001,418.72576904296875,3.5055418014526367
7650,0.001,417.6302490234375,3.4371213912963867
7700,0.001,416.5554504394531,3.3710379600524902
7750,0.001,415.50152587890625,3.3072402477264404
7800,0.001,414.468994140625,3.2456867694854736
7850,0.001,413.4590148925781,3.186318874359131
7900,0.001,412.4714660644531,3.129082441329956
7950,0.001,411.50689697265625,3.073930263519287
8000,0.001,410.56585693359375,3.020796060562134
8050,0.001,409.6479797363281,2.9696168899536133
8100,0.001,408.7543029785156,2.920337677001953
8150,0.001,407.8846740722656,2.872889995574951
8200,0.001,407.0390625,2.827216625213623
8250,0.001,406.2178649902344,2.78324818611145
8300,0.001,405.4205322265625,2.7409210205078125
8350,0.001,404.6474609375,2.7001659870147705
8400,0.001,403.8988342285156,2.6609253883361816
8450,0.001,403.17413330078125,2.623128890991211
8500,0.001,402.47283935546875,2.586716651916504
8550,0.001,401.7955627441406,2.5516231060028076
8600,0.001,401.1414794921875,2.517784357070923
8650,0.001,400.5105895996094,2.4851410388946533
8700,0.001,399.9024353027344,2.4536352157592773
8750,0.001,399.31695556640625,2.4232065677642822
8800,0.001,398.75360107421875,2.3937957286834717
8850,0.001,398.21197509765625,2.3653485774993896
8900,0.001,397.691650390625,2.337808847427368
8950,0.001,397.1922912597656,2.3111276626586914
9000,0.001,396.7135925292969,2.285252332687378
9050,0.001,396.2550354003906,2.2601358890533447
9100,0.001,395.81597900390625,2.235729694366455
9150,0.001,395.396240234375,2.211988925933838
9200,0.001,394.99493408203125,2.1888668537139893
9250,0.001,394.61199951171875,2.1663243770599365
9300,0.001,394.2472229003906,2.1443252563476562
9350,0.001,393.899658203125,2.122826099395752
9400,0.001,393.5688781738281,2.1017942428588867
9450,0.001,393.2545166015625,2.0811944007873535
9500,0.001,392.95611572265625,2.06099534034729
9550,0.001,392.6729736328125,2.0411629676818848
9600,0.001,392.4051208496094,2.021667957305908
9650,0.001,392.15179443359375,2.002487897872925
9700,0.001,391.91241455078125,1.9835915565490723
9750,0.001,391.6869201660156,1.9649572372436523
9800,0.001,391.474609375,1.9465601444244385
9850,0.001,391.27508544921875,1.9283819198608398
9900,0.001,391.0880126953125,1.9103976488113403
9950,0.001,390.91290283203125,1.8925918340682983
10000,0.001,390.7493896484375,1.874946117401123
10050,0.001,390.5971984863281,1.85744309425354
10100,0.001,390.4559020996094,1.8400688171386719
10150,0.001,390.3250427246094,1.8228065967559814
10200,0.001,390.2044372558594,1.805645227432251
10250,0.001,390.09368896484375,1.7885746955871582
10300,0.001,389.99237060546875,1.771576166152954
10350,0.001,389.900390625,1.7546473741531372
10400,0.001,389.8172302246094,1.7377744913101196
10450,0.001,389.742919921875,1.7209488153457642
10500,0.001,389.6770324707031,1.7041620016098022
10550,0.001,389.6194152832031,1.6874072551727295
10600,0.001,389.5697021484375,1.6706781387329102
10650,0.001,389.52777099609375,1.6539664268493652
10700,0.001,389.4934997558594,1.6372671127319336
10750,0.001,389.4665832519531,1.6205742359161377
10800,0.001,389.4468994140625,1.6038837432861328
10850,0.001,389.4345703125,1.5871896743774414
10900,0.001,389.42901611328125,1.5704900026321411
10950,0.001,389.4305419921875,1.5537786483764648
11000,0.001,389.43878173828125,1.537055253982544
11050,0.001,389.4537048339844,1.5203123092651367
11100,0.001,389.47540283203125,1.503551721572876
11150,0.001,389.5037536621094,1.486769199371338
11200,0.001,389.5386962890625,1.4699612855911255
11250,0.001,389.4118347167969,1.4706006050109863
11300,0.001,389.6272277832031,1.436457872390747
11350,0.001,389.69647216796875,1.4196670055389404
11400,0.001,389.7572326660156,1.4029114246368408
11450,0.001,389.82427978515625,1.3861255645751953
11500,0.001,390.0738525390625,1.388547658920288
11550,0.001,389.994873046875,1.3526593446731567
11600,0.001,390.07879638671875,1.3359439373016357
11650,0.001,390.17266845703125,1.3192312717437744
11700,0.001,390.2726135253906,1.3024849891662598
11750,0.001,390.2532043457031,1.2963581085205078
11800,0.001,390.499267578125,1.2691998481750488
11850,0.001,390.6344909667969,1.2525547742843628
11900,0.001,390.76324462890625,1.2359360456466675
11950,0.001,390.8997802734375,1.2192822694778442
12000,0.001,391.165771484375,1.213261365890503
12050,0.001,391.22003173828125,1.18617844581604
12100,0.001,391.3755798339844,1.1696127653121948
12150,0.001,391.5440673828125,1.153088927268982
12200,0.001,391.7204284667969,1.1365348100662231
12250,0.001,391.9337158203125,1.1204315423965454
12300,0.001,392.1217346191406,1.1037132740020752
12350,0.001,392.32257080078125,1.0873489379882812
12400,0.001,392.5334777832031,1.0709673166275024
12450,0.001,392.90435791015625,1.0747281312942505
12500,0.001,392.9855041503906,1.0384494066238403
12550,0.001,393.2357482910156,1.022182583808899
12600,0.001,393.48223876953125,1.0059876441955566
12650,0.001,393.8074951171875,0.9949179887771606
12700,0.001,394.0172119140625,0.9738178253173828
12750,0.001,394.287841796875,0.9578845500946045
12800,0.001,394.56744384765625,0.941958487033844
12850,0.001,394.85943603515625,0.9260522127151489
12900,0.001,395.1476745605469,0.9106341004371643
12950,0.001,395.47479248046875,0.8947454690933228
13000,0.001,395.7818603515625,0.8791974782943726
13050,0.001,396.0978698730469,0.8636517524719238
13100,0.001,396.3688659667969,0.8573958873748779
13150,0.001,396.77117919921875,0.8332161903381348
13200,0.001,397.1107177734375,0.8181458115577698
13250,0.001,397.4502868652344,0.8031420111656189
13300,0.001,397.79388427734375,0.7881899476051331
13350,0.001,398.1721496582031,0.7736843824386597
13400,0.001,398.53070068359375,0.7592798471450806
13450,0.001,398.8855895996094,0.7450293302536011
13500,0.001,399.2454833984375,0.7308048009872437
13550,0.001,399.6286926269531,0.7185721397399902
13600,0.001,400.0029296875,0.7033704519271851
13650,0.001,400.3655090332031,0.6894601583480835
13700,0.001,400.7322082519531,0.6760250926017761
13750,0.001,401.102783203125,0.6626383066177368
13800,0.001,401.4947509765625,0.6518256068229675
13850,0.001,401.8577880859375,0.6371774673461914
13900,0.001,402.2174377441406,0.6247875094413757
13950,0.001,402.5782165527344,0.6124565005302429
14000,0.001,402.9425048828125,0.6001837253570557
14050,0.001,403.3483581542969,0.6294149160385132
14100,0.001,403.66748046875,0.576852023601532
14150,0.001,404.0141906738281,0.5655790567398071
14200,0.001,404.357177734375,0.5544450879096985
14250,0.001,404.7020263671875,0.5433864593505859
14300,0.001,405.0518798828125,0.5334977507591248
14350,0.001,405.3757629394531,0.522329568862915
14400,0.001,405.7046203613281,0.5119900703430176
14450,0.001,406.023193359375,0.5019996762275696
14500,0.001,406.34234619140625,0.49209895730018616
14550,0.001,406.6532897949219,0.4926705062389374
14600,0.001,406.9517517089844,0.47344648838043213
14650,0.001,407.2480773925781,0.4641646146774292
14700,0.001,407.5362243652344,0.45528578758239746
14750,0.001,407.8238525390625,0.4465094804763794
14800,0.001,408.12548828125,0.5445432662963867
14850,0.001,408.3507080078125,0.42986971139907837
14900,0.001,408.61663818359375,0.42194855213165283
14950,0.001,408.869873046875,0.41415590047836304
15000,0.001,409.120849609375,0.40646421909332275
15050,0.001,409.37762451171875,0.46867626905441284
15100,0.001,409.57659912109375,0.3922916650772095
15150,0.001,409.79119873046875,0.38509601354599
15200,0.001,409.9983215332031,0.37834763526916504
15250,0.001,410.2003173828125,0.3771405518054962
15300,0.001,410.380126953125,0.36543184518814087
15350,0.001,410.5612487792969,0.35905125737190247
15400,0.001,410.7158203125,0.3533989191055298
15450,0.001,410.8819580078125,0.34724241495132446
15500,0.001,411.027587890625,0.344058632850647
15550,0.001,411.1641540527344,0.3369850218296051
15600,0.001,411.2978210449219,0.3306886553764343
15650,0.001,411.3940734863281,0.32845863699913025
15700,0.001,411.53509521484375,0.32538488507270813
15750,0.001,411.62908935546875,0.31576117873191833
15800,0.001,411.70257568359375,0.3113817572593689
15850,0.001,411.8070068359375,0.3062315583229065
15900,0.001,411.89324951171875,0.3049854338169098
15950,0.001,411.9355773925781,0.3059045970439911
16000,0.001,411.9961853027344,0.2933298945426941
16050,0.001,412.0380554199219,0.29494374990463257
16100,0.001,412.1301574707031,0.29558444023132324
16150,0.001,412.1258544921875,0.2961733043193817
16200,0.001,412.1438293457031,0.2778151333332062
16250,0.001,412.2233581542969,0.29598182439804077
16300,0.001,412.1706237792969,0.2708238661289215
16350,0.001,412.16741943359375,0.26676344871520996
16400,0.001,412.1609802246094,0.2631071209907532
16450,0.001,412.20458984375,0.30058878660202026
16500,0.001,412.09197998046875,0.2570923864841461
16550,0.001,412.07232666015625,0.25352346897125244
16600,0.001,412.0304870605469,0.2507343292236328
16650,0.001,411.9853515625,0.248467817902565
16700,0.001,411.940185546875,0.24460220336914062
16750,0.001,411.8806457519531,0.2417067438364029
16800,0.001,411.81170654296875,0.23901943862438202
16850,0.001,411.721435546875,0.23809218406677246
16900,0.001,411.6727600097656,0.23345403373241425
16950,0.001,411.5682067871094,0.2310154139995575
17000,0.001,411.49176025390625,0.22831378877162933
17050,0.001,411.38848876953125,0.2257399708032608
17100,0.001,411.3010559082031,0.24305033683776855
17150,0.001,411.18304443359375,0.22170986235141754
17200,0.001,411.06854248046875,0.2184714823961258
17250,0.001,410.904052734375,0.2245156466960907
17300,0.001,410.803466796875,0.21393471956253052
17350,0.001,410.661865234375,0.2116270810365677
17400,0.001,410.59576416015625,0.30570223927497864
17450,0.001,410.3627014160156,0.20724855363368988
17500,0.001,410.21014404296875,0.2051103413105011
17550,0.001,410.0526428222656,0.22034206986427307
17600,0.001,409.8668212890625,0.20103579759597778
17650,0.001,409.7129211425781,0.21549195051193237
17700,0.001,409.5065612792969,0.19695837795734406
17750,0.001,409.3182678222656,0.19495829939842224
17800,0.001,409.1275329589844,0.19384124875068665
17850,0.001,408.8995361328125,0.19263030588626862
17900,0.001,408.7169189453125,0.1892164647579193
17950,0.001,408.475830078125,0.19017687439918518
18000,0.001,408.2776794433594,0.1855696588754654
18050,0.001,408.12786865234375,0.2676568925380707
18100,0.001,407.84051513671875,0.182692751288414
18150,0.001,407.6051330566406,0.18029943108558655
18200,0.001,407.3641357421875,0.17859111726284027
18250,0.001,407.1381530761719,0.19664128124713898
18300,0.001,406.8480529785156,0.17539098858833313
18350,0.001,406.5790710449219,0.17355136573314667
18400,0.001,406.32989501953125,0.17198386788368225
18450,0.001,406.0213317871094,0.17823177576065063
18500,0.001,405.7851257324219,0.16923820972442627
18550,0.001,405.4994201660156,0.16712304949760437
18600,0.001,405.2042236328125,0.17295902967453003
18650,0.001,404.87347412109375,0.17364485561847687
18700,0.001,404.6140441894531,0.16289615631103516
18750,0.001,404.292724609375,0.1612159162759781
18800,0.001,403.99542236328125,0.15947027504444122
18850,0.001,403.60601806640625,0.1833684891462326
18900,0.001,403.362060546875,0.15673109889030457
18950,0.001,403.0364990234375,0.15520711243152618
19000,0.001,402.700927734375,0.1537594497203827
19050,0.001,402.3757629394531,0.15222834050655365
19100,0.001,402.0195007324219,0.15571612119674683
19150,0.001,401.63134765625,0.17239238321781158
19200,0.001,401.3408508300781,0.14807450771331787
19250,0.001,400.9925537109375,0.158768430352211
19300,0.001,400.62615966796875,0.14535483717918396
19350,0.001,400.22222900390625,0.1788644790649414
19400,0.001,399.88348388671875,0.14353148639202118
19450,0.001,399.5304870605469,0.14259281754493713
19500,0.001,399.1535949707031,0.14011040329933167
19550,0.001,398.73828125,0.13936066627502441
19600,0.001,398.3999938964844,0.13759928941726685
19650,0.001,398.0003356933594,0.13807053864002228
19700,0.001,397.59906005859375,0.14584238827228546
19750,0.001,397.2295837402344,0.1343744695186615
19800,0.001,396.8421936035156,0.1326812505722046
19850,0.001,396.43719482421875,0.13443197309970856
19900,0.001,396.0413818359375,0.13032475113868713
19950,0.001,395.6366271972656,0.12925797700881958
0,0.01,4446.43115234375,144995.390625
50,0.01,2507.10302734375,41270.64453125
100,0.01,1731.1275634765625,16084.0791015625
150,0.01,1340.9801025390625,7558.15380859375
200,0.01,1108.3658447265625,3983.209716796875
250,0.01,957.8988037109375,2268.491455078125
300,0.01,855.0777587890625,1364.830078125
350,0.01,781.7764282226562,854.758056640625
400,0.01,727.7160034179688,551.8142700195312
450,0.01,686.7200317382812,364.9180908203125
500,0.01,654.90185546875,246.3069305419922
550,0.01,629.7222290039062,169.44667053222656
600,0.01,609.46875,118.88508605957031
650,0.01,592.9561767578125,85.27279663085938
700,0.01,579.3433227539062,62.7723274230957
750,0.01,568.0215454101562,47.64919662475586
800,0.01,558.5409545898438,37.466556549072266
850,0.01,550.5623779296875,30.610958099365234
900,0.01,543.8257446289062,26.002994537353516
950,0.01,538.1262817382812,22.914325714111328
1000,0.01,533.3011474609375,20.851490020751953
1050,0.01,529.216796875,19.478986740112305
1100,0.01,525.7634887695312,18.569114685058594
1150,0.01,522.8479614257812,17.966781616210938
1200,0.01,520.390380859375,17.5672664642334
1250,0.01,518.3222045898438,17.299991607666016
1300,0.01,516.583984375,17.117767333984375
1350,0.01,515.123291015625,16.989269256591797
1400,0.01,513.8946533203125,16.894012451171875
1450,0.01,512.8595581054688,16.81866455078125
1500,0.01,511.98291015625,16.754793167114258
1550,0.01,511.2346496582031,16.697023391723633
1600,0.01,510.5895690917969,16.642112731933594
1650,0.01,510.02716064453125,16.588104248046875
1700,0.01,509.5283203125,16.53385353088379
1750,0.01,509.078369140625,16.478736877441406
1800,0.01,508.66412353515625,16.42239761352539
1850,0.01,508.2771301269531,16.364660263061523
1900,0.01,507.9076232910156,16.305465698242188
1950,0.01,507.5495300292969,16.244770050048828
2000,0.01,507.19903564453125,16.182586669921875
2050,0.01,506.85198974609375,16.118911743164062
2100,0.01,506.5030822753906,16.053762435913086
2150,0.01,506.1519775390625,15.987141609191895
2200,0.01,505.7971496582031,15.91905689239502
2250,0.01,505.43670654296875,15.849498748779297
2300,0.01,505.0701904296875,15.778470039367676
2350,0.01,504.697021484375,15.705952644348145
2400,0.01,504.3158264160156,15.631963729858398
2450,0.01,503.9271240234375,15.556471824645996
2500,0.01,503.53021240234375,15.4794921875
2550,0.01,503.1241760253906,15.40099811553955
2600,0.01,502.708251953125,15.320987701416016
2650,0.01,502.2837219238281,15.2394437789917
2700,0.01,501.8506774902344,15.156353950500488
2750,0.01,501.4073791503906,15.071714401245117
2800,0.01,500.95452880859375,14.9855318069458
2850,0.01,500.4915771484375,14.8977689743042
2900,0.01,500.0189208984375,14.808431625366211
2950,0.01,499.5371398925781,14.717497825622559
3000,0.01,499.0438537597656,14.624954223632812
3050,0.01,498.54022216796875,14.530823707580566
3100,0.01,498.0262756347656,14.435050964355469
3150,0.01,497.50079345703125,14.33769702911377
3200,0.01,496.9634704589844,14.23870849609375
3250,0.01,496.4153137207031,14.13808822631836
3300,0.01,495.856201171875,14.035821914672852
3350,0.01,495.2834777832031,13.931923866271973
3400,0.01,494.69976806640625,13.826384544372559
3450,0.01,494.1031799316406,13.719216346740723
3500,0.01,493.4938659667969,13.610406875610352
3550,0.01,492.8726501464844,13.499940872192383
3600,0.01,492.2374572753906,13.387861251831055
3650,0.01,491.5888977050781,13.27413558959961
3700,0.01,490.9259948730469,13.158788681030273
3750,0.01,490.24920654296875,13.04183578491211
3800,0.01,489.558349609375,12.923284530639648
3850,0.01,488.85235595703125,12.803132057189941
3900,0.01,488.1318054199219,12.681401252746582
3950,0.01,487.3951416015625,12.558120727539062
4000,0.01,486.6437072753906,12.4332857131958
4050,0.01,485.8756103515625,12.306933403015137
4100,0.01,485.0911865234375,12.17908763885498
4150,0.01,484.29052734375,12.049774169921875
4200,0.01,483.4721984863281,11.919007301330566
4250,0.01,482.6376953125,11.786839485168457
4300,0.01,481.784912109375,11.653277397155762
4350,0.01,480.9145202636719,11.518386840820312
4400,0.01,480.025634765625,11.3822021484375
4450,0.01,479.1177673339844,11.244752883911133
4500,0.01,478.1913146972656,11.10608959197998
4550,0.01,477.24542236328125,10.966276168823242
4600,0.01,476.28021240234375,10.82535457611084
4650,0.01,475.2950439453125,10.683369636535645
4700,0.01,474.2901306152344,10.54039192199707
4750,0.01,473.2646179199219,10.396485328674316
4800,0.01,472.21875,10.251715660095215
4850,0.01,471.152099609375,10.106144905090332
4900,0.01,470.064453125,9.959839820861816
4950,0.01,468.9559326171875,9.812886238098145
5000,0.01,467.8260803222656,9.665349006652832
5050,0.01,466.6745300292969,9.517328262329102
5100,0.01,465.50152587890625,9.36889362335205
5150,0.01,464.3075256347656,9.220134735107422
5200,0.01,463.0916748046875,9.071134567260742
5250,0.01,461.8547058105469,8.921992301940918
5300,0.01,460.5960388183594,8.772795677185059
5350,0.01,459.3161926269531,8.623645782470703
5400,0.01,458.0148620605469,8.474638938903809
5450,0.01,456.6925048828125,8.32588005065918
5500,0.01,455.3494567871094,8.177457809448242
5550,0.01,453.9853820800781,8.029486656188965
5600,0.01,452.60137939453125,7.882071018218994
5650,0.01,451.19781494140625,7.7353105545043945
5700,0.01,449.7742614746094,7.589305400848389
5750,0.01,448.331787109375,7.444173812866211
5800,0.01,446.8705139160156,7.300014495849609
5850,0.01,445.3916931152344,7.156937599182129
5900,0.01,443.8952331542969,7.015045166015625
5950,0.01,442.38189697265625,6.874433994293213
6000,0.01,440.85247802734375,6.735208511352539
6050,0.01,439.3079833984375,6.5974836349487305
6100,0.01,437.7488708496094,6.46135139465332
6150,0.01,436.1757507324219,6.326902389526367
6200,0.01,434.5899353027344,6.19422721862793
6250,0.01,432.9918212890625,6.063426971435547
6300,0.01,431.3826599121094,5.934582233428955
6350,0.01,429.76373291015625,5.807767868041992
6400,0.01,428.1357727050781,5.683087348937988
6450,0.01,426.4993896484375,5.560594081878662
6500,0.01,424.8561096191406,5.440370559692383
6550,0.01,423.2067565917969,5.322473526000977
6600,0.01,421.5526428222656,5.206963539123535
6650,0.01,419.8947448730469,5.093906879425049
6700,0.01,418.2341003417969,4.983345985412598
6750,0.01,416.5721435546875,4.875327110290527
6800,0.01,414.9092102050781,4.769883632659912
6850,0.01,413.24737548828125,4.667057037353516
6900,0.01,411.5870666503906,4.566874027252197
6950,0.01,409.9298095703125,4.4693450927734375
7000,0.01,408.27581787109375,4.37449836730957
7050,0.01,406.62725830078125,4.282332897186279
7100,0.01,404.9843444824219,4.192867279052734
7150,0.01,403.348388671875,4.1060791015625
7200,0.01,401.7203674316406,4.021976947784424
7250,0.01,400.10125732421875,3.9405357837677
7300,0.01,398.491455078125,3.8617498874664307
7350,0.01,396.8923645019531,3.785580635070801
7400,0.01,395.3042907714844,3.712015151977539
7450,0.01,393.7285461425781,3.64100980758667
7500,0.01,392.1653137207031,3.5725278854370117
7550,0.01,390.61572265625,3.5065248012542725
7600,0.01,389.0797119140625,3.442962408065796
7650,0.01,387.5581970214844,3.3817827701568604
7700,0.01,386.0517272949219,3.3229424953460693
7750,0.01,384.5608825683594,3.2663795948028564
7800,0.01,383.0855407714844,3.212035655975342
7850,0.01,381.62640380859375,3.1598522663116455
7900,0.01,380.18341064453125,3.109764337539673
7950,0.01,378.7572937011719,3.0617055892944336
8000,0.01,377.3475646972656,3.0156168937683105
8050,0.01,375.9543762207031,2.971423387527466
8100,0.01,374.5784912109375,2.9290616512298584
8150,0.01,373.21923828125,2.8884613513946533
8200,0.01,371.87677001953125,2.849550724029541
8250,0.01,370.5506591796875,2.812265396118164
8300,0.01,369.2414855957031,2.776536226272583
8350,0.01,367.9485778808594,2.742295026779175
8400,0.01,366.6717224121094,2.7094717025756836
8450,0.01,365.4106140136719,2.6780033111572266
8500,0.01,364.1650695800781,2.6478240489959717
8550,0.01,362.93511962890625,2.6188673973083496
8600,0.01,361.7198791503906,2.591071367263794
8650,0.01,360.5193176269531,2.564378023147583
8700,0.01,359.3326110839844,2.5387203693389893
8750,0.01,358.15960693359375,2.5140509605407715
8800,0.01,356.9999694824219,2.4903063774108887
8850,0.01,355.8529357910156,2.467435836791992
8900,0.01,354.71826171875,2.445387125015259
8950,0.01,353.59527587890625,2.4241132736206055
9000,0.01,352.4834899902344,2.403562545776367
9050,0.01,351.3825988769531,2.3836896419525146
9100,0.01,350.2917785644531,2.3644542694091797
9150,0.01,349.21063232421875,2.345813751220703
9200,0.01,348.138916015625,2.327720880508423
9250,0.01,347.0755920410156,2.310152292251587
9300,0.01,346.0202331542969,2.2930641174316406
9350,0.01,344.9725036621094,2.276423692703247
9400,0.01,343.9316711425781,2.2602028846740723
9450,0.01,342.8973693847656,2.244370698928833
9500,0.01,341.8688049316406,2.2288994789123535
9550,0.01,340.845703125,2.2137622833251953
9600,0.01,339.82708740234375,2.1989409923553467
9650,0.01,338.8128967285156,2.184404134750366
9700,0.01,337.8022766113281,2.170137882232666
9750,0.01,336.794677734375,2.1561200618743896
9800,0.01,335.7897033691406,2.1423375606536865
9850,0.01,334.786865234375,2.128767251968384
9900,0.01,333.7852478027344,2.1154019832611084
9950,0.01,332.78485107421875,2.1022231578826904
10000,0.01,331.78497314453125,2.089214563369751
10050,0.01,330.784912109375,2.0763766765594482
10100,0.01,329.7844543457031,2.0636892318725586
10150,0.01,328.78289794921875,2.0511474609375
10200,0.01,327.7796936035156,2.0387423038482666
10250,0.01,326.7743835449219,2.026468515396118
10300,0.01,325.7667541503906,2.014312982559204
10350,0.01,324.7559814453125,2.0022764205932617
10400,0.01,323.74176025390625,1.990347981452942
10450,0.01,322.72344970703125,1.9785281419754028
10500,0.01,321.7008056640625,1.9668086767196655
10550,0.01,320.6733703613281,1.9551864862442017
10600,0.01,319.6404113769531,1.9436589479446411
10650,0.01,318.6016845703125,1.9322208166122437
10700,0.01,317.55670166015625,1.9208686351776123
10750,0.01,316.50506591796875,1.9096019268035889
10800,0.01,315.4461669921875,1.8984168767929077
10850,0.01,314.3797912597656,1.887306571006775
10900,0.01,313.30517578125,1.8762741088867188
10950,0.01,312.22216796875,1.8653126955032349
11000,0.01,311.1300964355469,1.8544191122055054
11050,0.01,310.028564453125,1.8435922861099243
11100,0.01,308.91705322265625,1.8328258991241455
11150,0.01,307.7951965332031,1.8221193552017212
11200,0.01,306.66241455078125,1.811467170715332
11250,0.01,305.5181579589844,1.800863265991211
11300,0.01,304.3620300292969,1.7903035879135132
11350,0.01,303.1932678222656,1.77978515625
11400,0.01,302.0115661621094,1.7692980766296387
11450,0.01,300.8160705566406,1.7588388919830322
11500,0.01,299.6064147949219,1.7483984231948853
11550,0.01,298.3818054199219,1.737972378730774
11600,0.01,297.1416015625,1.7275490760803223
11650,0.01,295.8851318359375,1.7171170711517334
11700,0.01,294.6116943359375,1.7066688537597656
11750,0.01,293.3204040527344,1.6961913108825684
11800,0.01,292.0105895996094,1.6856729984283447
11850,0.01,290.6812438964844,1.6750973463058472
11900,0.01,289.3314514160156,1.66444993019104
11950,0.01,287.9598083496094,1.6537206172943115
12000,0.01,286.6026306152344,1.6429903507232666
12050,0.01,285.2017517089844,1.6320383548736572
12100,0.01,283.79681396484375,1.621138095855713
12150,0.01,282.3651428222656,1.6101046800613403
12200,0.01,280.9071350097656,1.598899483680725
12250,0.01,279.4524230957031,1.5875133275985718
12300,0.01,277.9871826171875,1.5762088298797607
12350,0.01,276.4952087402344,1.5647413730621338
12400,0.01,274.9710693359375,1.5530543327331543
12450,0.01,273.41571044921875,1.5411003828048706
12500,0.01,271.84918212890625,1.5288528203964233
12550,0.01,270.24456787109375,1.5166091918945312
12600,0.01,268.65655517578125,1.5039196014404297
12650,0.01,267.02081298828125,1.491100788116455
12700,0.01,265.3498229980469,1.4779282808303833
12750,0.01,263.596923828125,1.466192603111267
12800,0.01,261.9678649902344,1.4506863355636597
12850,0.01,260.24151611328125,1.4368816614151
12900,0.01,258.48736572265625,1.4227149486541748
12950,0.01,256.6997375488281,1.408186674118042
13000,0.01,254.90835571289062,1.3933595418930054
13050,0.01,253.1082000732422,1.3786251544952393
13100,0.01,251.28036499023438,1.3637056350708008
13150,0.01,249.4296417236328,1.348569631576538
13200,0.01,247.59820556640625,1.3336584568023682
13250,0.01,245.7428436279297,1.3188408613204956
13300,0.01,243.90966796875,1.3041858673095703
13350,0.01,242.06028747558594,1.2897666692733765
13400,0.01,240.1958465576172,1.2757811546325684
13450,0.01,238.3827362060547,1.2623951435089111
13500,0.01,236.5963592529297,1.249816656112671
13550,0.01,234.8151092529297,1.2378644943237305
13600,0.01,233.04591369628906,1.2266234159469604
13650,0.01,231.34683227539062,1.21785306930542
13700,0.01,229.61227416992188,1.2074589729309082
13750,0.01,227.9537811279297,1.1992626190185547
13800,0.01,226.31259155273438,1.1919703483581543
13850,0.01,224.5529022216797,1.2067327499389648
13900,0.01,223.1349334716797,1.1804946660995483
13950,0.01,221.58848571777344,1.1760563850402832
14000,0.01,220.0692138671875,1.1722772121429443
14050,0.01,218.5608367919922,1.1691359281539917
14100,0.01,217.05108642578125,1.168393850326538
14150,0.01,215.63265991210938,1.1648573875427246
14200,0.01,214.20008850097656,1.1631819009780884
14250,0.01,212.76620483398438,1.1617900133132935
14300,0.01,211.33169555664062,1.1605936288833618
14350,0.01,209.89308166503906,1.1601876020431519
14400,0.01,208.4971160888672,1.158911108970642
14450,0.01,207.0807647705078,1.158098816871643
14500,0.01,205.65447998046875,1.1572487354278564
14550,0.01,204.30332946777344,1.171964168548584
14600,0.01,202.80303955078125,1.1556135416030884
14650,0.01,201.38710021972656,1.154608964920044
14700,0.01,199.9527587890625,1.1534931659698486
14750,0.01,198.4994354248047,1.1522130966186523
14800,0.01,197.05453491210938,1.1508769989013672
14850,0.01,195.60626220703125,1.149362325668335
14900,0.01,194.1554718017578,1.147643804550171
14950,0.01,192.68499755859375,1.145688772201538
15000,0.01,191.0895538330078,1.1962099075317383
15050,0.01,189.74026489257812,1.1416839361190796
15100,0.01,188.29043579101562,1.1387897729873657
15150,0.01,186.8187713623047,1.1359806060791016
15200,0.01,185.3299560546875,1.1328626871109009
15250,0.01,183.8214874267578,1.1376148462295532
15300,0.01,182.40415954589844,1.1261759996414185
15350,0.01,180.95242309570312,1.122393250465393
15400,0.01,179.48992919921875,1.1182483434677124
15450,0.01,178.0137176513672,1.1138498783111572
15500,0.01,176.57862854003906,1.109587550163269
15550,0.01,175.16741943359375,1.1043895483016968
15600,0.01,173.75546264648438,1.0991668701171875
15650,0.01,172.3406219482422,1.0935567617416382
15700,0.01,170.92100524902344,1.0876762866973877
15750,0.01,169.57901000976562,1.0837655067443848
15800,0.01,168.24411010742188,1.0756583213806152
15850,0.01,166.93211364746094,1.0692027807235718
15900,0.01,165.62625122070312,1.0623782873153687
15950,0.01,164.3262939453125,1.0552059412002563
16000,0.01,163.02578735351562,1.0486407279968262
16050,0.01,161.79344177246094,1.0403807163238525
16100,0.01,160.57704162597656,1.0328412055969238
16150,0.01,159.37942504882812,1.024978518486023
16200,0.01,158.19419860839844,1.0168507099151611
16250,0.01,157.01295471191406,1.012587070465088
16300,0.01,155.90635681152344,1.0007407665252686
16350,0.01,154.80624389648438,0.9925295114517212
16400,0.01,153.7216033935547,0.9841371774673462
16450,0.01,152.59291076660156,0.9914243221282959
16500,0.01,151.6457061767578,0.9678500890731812
16550,0.01,150.6501007080078,0.9598053693771362
16600,0.01,149.67562866210938,0.9516134858131409
16650,0.01,148.78765869140625,0.9478500485420227
16700,0.01,147.85369873046875,0.9355522394180298
16750,0.01,146.9739227294922,0.9277342557907104
16800,0.01,146.1043701171875,0.923196017742157
16850,0.01,145.2760009765625,0.9128534197807312
16900,0.01,144.45843505859375,0.9055034518241882
16950,0.01,143.63160705566406,0.903028666973114
17000,0.01,142.92091369628906,0.8914034962654114
17050,0.01,142.17587280273438,0.8895457983016968
17100,0.01,141.47433471679688,0.8782905340194702
17150,0.01,140.78163146972656,0.8719350695610046
17200,0.01,140.1025848388672,0.8662427067756653
17250,0.01,139.45130920410156,0.8599371314048767
17300,0.01,138.82261657714844,0.8559795618057251
17350,0.01,138.2560577392578,0.848501980304718
17400,0.01,137.6827392578125,0.843084990978241
17450,0.01,137.10275268554688,0.8392357230186462
17500,0.01,136.58355712890625,0.8329207301139832
17550,0.01,136.0760498046875,0.8285642862319946
17600,0.01,135.60826110839844,0.8234233856201172
17650,0.01,135.15147399902344,0.8192174434661865
17700,0.01,134.69589233398438,0.8156182765960693
17750,0.01,134.28799438476562,0.8108664155006409
17800,0.01,133.876953125,0.806932270526886
17850,0.01,133.4774169921875,0.8031330108642578
17900,0.01,133.08651733398438,0.8015828132629395
17950,0.01,132.7249755859375,0.7960439324378967
18000,0.01,132.38409423828125,0.7943381667137146
18050,0.01,132.09120178222656,0.7893385887145996
18100,0.01,131.78182983398438,0.786239743232727
18150,0.01,131.48751831054688,0.783433735370636
18200,0.01,131.1856231689453,0.7824034094810486
18250,0.01,130.93600463867188,0.7777304649353027
18300,0.01,130.6770782470703,0.7750815153121948
18350,0.01,130.50833129882812,0.7931917309761047
18400,0.01,130.23915100097656,0.7699522972106934
18450,0.01,130.030517578125,0.7676708102226257
18500,0.01,129.82835388183594,0.7654514312744141
18550,0.01,129.6501922607422,0.764065146446228
18600,0.01,129.47393798828125,0.7612755298614502
18650,0.01,129.30503845214844,0.7592889666557312
18700,0.01,129.14329528808594,0.7573308348655701
18750,0.01,128.9969024658203,0.755618155002594
18800,0.01,128.8795928955078,0.7540715932846069
18850,0.01,128.74449157714844,0.7518492341041565
18900,0.01,128.6170196533203,0.7500842213630676
18950,0.01,128.50491333007812,0.7484542727470398
19000,0.01,128.39552307128906,0.7468640208244324
19050,0.01,128.2909393310547,0.7456110119819641
19100,0.01,128.2046356201172,0.7438653707504272
19150,0.01,128.11749267578125,0.7423085570335388
19200,0.01,128.0902862548828,0.7625706195831299
19250,0.01,127.95795440673828,0.7395245432853699
19300,0.01,127.86885833740234,0.7431045770645142
19350,0.01,127.8306884765625,0.7368650436401367
19400,0.01,127.75775909423828,0.7363215684890747
19450,0.01,127.72718811035156,0.7352330684661865
19500,0.01,127.6645278930664,0.7330551743507385
19550,0.01,127.61189270019531,0.7319260239601135
19600,0.01,127.6011734008789,0.7387290000915527
19650,0.01,127.53770446777344,0.7304580807685852
19700,0.01,127.49932861328125,0.7289320230484009
19750,0.01,127.46548461914062,0.7281455993652344
19800,0.01,127.42483520507812,0.7263035178184509
19850,0.01,127.43030548095703,0.7400073409080505
19900,0.01,127.3730697631836,0.7240347862243652
19950,0.01,127.31140899658203,0.7358770966529846
0,0.1,4446.43115234375,144995.390625
50,0.1,2506.50732421875,41262.9296875
100,0.1,1729.3868408203125,16068.8701171875
150,0.1,1338.304443359375,7541.72900390625
200,0.1,1104.855712890625,3968.212890625
250,0.1,953.5907592773438,2255.5419921875
300,0.1,849.993408203125,1353.8438720703125
350,0.1,775.9296264648438,845.468017578125
400,0.1,721.1162109375,543.9285278320312
450,0.1,679.3737182617188,358.1844482421875
500,0.1,646.8135375976562,240.52052307128906
550,0.1,620.8944091796875,164.4467315673828
600,0.1,599.9027099609375,114.54910278320312
650,0.1,582.65087890625,81.50664520263672
700,0.1,568.2969360351562,59.5046501159668
750,0.1,556.2307739257812,44.82429885864258
800,0.1,546.0014038085938,35.039913177490234
850,0.1,537.2694702148438,28.54570770263672
900,0.1,529.773681640625,24.266637802124023
950,0.1,523.3101806640625,21.47748565673828
1000,0.1,517.7156372070312,19.686372756958008
1050,0.1,512.8574829101562,18.55911636352539
1100,0.1,508.6257629394531,17.868701934814453
1150,0.1,504.9278564453125,17.461084365844727
1200,0.1,501.6849670410156,17.23244857788086
1250,0.1,498.8287658691406,17.1133975982666
1300,0.1,496.2998046875,17.05809783935547
1350,0.1,494.046142578125,17.03679084777832
1400,0.1,492.0221252441406,17.030670166015625
1450,0.1,490.1873474121094,17.028221130371094
1500,0.1,488.5064392089844,17.022846221923828
1550,0.1,486.94940185546875,17.0109806060791
1600,0.1,485.48858642578125,16.99117660522461
1650,0.1,484.10162353515625,16.963130950927734
1700,0.1,482.7684631347656,16.927202224731445
1750,0.1,481.47186279296875,16.884178161621094
1800,0.1,480.19805908203125,16.834890365600586
1850,0.1,478.9350280761719,16.780237197875977
1900,0.1,477.672607421875,16.72104835510254
1950,0.1,476.403564453125,16.65793800354004
2000,0.1,475.120849609375,16.591569900512695
2050,0.1,473.8190612792969,16.52243995666504
2100,0.1,472.49310302734375,16.451019287109375
2150,0.1,471.14013671875,16.377540588378906
2200,0.1,469.7574768066406,16.30221939086914
2250,0.1,468.3420715332031,16.2253475189209
2300,0.1,466.8920593261719,16.14700698852539
2350,0.1,465.4066467285156,16.06723976135254
2400,0.1,463.88348388671875,15.986176490783691
2450,0.1,462.3221435546875,15.903806686401367
2500,0.1,460.7214050292969,15.820180892944336
2550,0.1,459.0797119140625,15.73533821105957
2600,0.1,457.3960876464844,15.649300575256348
2650,0.1,455.66912841796875,15.562126159667969
2700,0.1,453.89825439453125,15.473759651184082
2750,0.1,452.0827331542969,15.384197235107422
2800,0.1,450.2215881347656,15.293424606323242
2850,0.1,448.31329345703125,15.201501846313477
2900,0.1,446.3566589355469,15.108414649963379
2950,0.1,444.35107421875,15.01414680480957
3000,0.1,442.29541015625,14.91869068145752
3050,0.1,440.1878662109375,14.822120666503906
3100,0.1,438.02777099609375,14.724382400512695
3150,0.1,435.81396484375,14.625507354736328
3200,0.1,433.5457458496094,14.525434494018555
3250,0.1,431.22100830078125,14.424263954162598
3300,0.1,428.8386535644531,14.32200813293457
3350,0.1,426.3974304199219,14.218696594238281
3400,0.1,423.89654541015625,14.114280700683594
3450,0.1,421.3334655761719,14.008916854858398
3500,0.1,418.7078857421875,13.902539253234863
3550,0.1,416.01776123046875,13.795265197753906
3600,0.1,413.26214599609375,13.687094688415527
3650,0.1,410.4391784667969,13.578125953674316
3700,0.1,407.5473327636719,13.468414306640625
3750,0.1,404.5852355957031,13.358057022094727
3800,0.1,401.5517578125,13.247069358825684
3850,0.1,398.44488525390625,13.135612487792969
3900,0.1,395.2630920410156,13.023786544799805
3950,0.1,392.00518798828125,12.911662101745605
4000,0.1,388.66973876953125,12.799360275268555
4050,0.1,385.2550048828125,12.687012672424316
4100,0.1,381.75958251953125,12.574777603149414
4150,0.1,378.18218994140625,12.462777137756348
4200,0.1,374.52130126953125,12.351164817810059
4250,0.1,370.7756652832031,12.240124702453613
4300,0.1,366.94403076171875,12.129796981811523
4350,0.1,363.02520751953125,12.0203857421875
4400,0.1,359.0180969238281,11.912063598632812
4450,0.1,354.9217529296875,11.805005073547363
4500,0.1,350.7352294921875,11.699435234069824
4550,0.1,346.4581298828125,11.595526695251465
4600,0.1,342.08917236328125,11.493520736694336
4650,0.1,337.6286315917969,11.393583297729492
4700,0.1,333.07598876953125,11.295942306518555
4750,0.1,328.43145751953125,11.200798034667969
4800,0.1,323.69525146484375,11.108360290527344
4850,0.1,318.8678894042969,11.018814086914062
4900,0.1,313.95025634765625,10.932385444641113
4950,0.1,308.9437255859375,10.849214553833008
5000,0.1,303.8498840332031,10.769495010375977
5050,0.1,298.6707763671875,10.693408012390137
5100,0.1,293.4092102050781,10.621089935302734
5150,0.1,288.0680236816406,10.552679061889648
5200,0.1,282.65118408203125,10.488274574279785
5250,0.1,277.1629638671875,10.427983283996582
5300,0.1,271.6083068847656,10.371877670288086
5350,0.1,265.99334716796875,10.319992065429688
5400,0.1,260.3246765136719,10.272342681884766
5450,0.1,254.60986328125,10.228924751281738
5500,0.1,248.8573760986328,10.189690589904785
5550,0.1,243.0767822265625,10.154552459716797
5600,0.1,237.27862548828125,10.12339973449707
5650,0.1,231.4743194580078,10.096062660217285
5700,0.1,225.67637634277344,10.072355270385742
5750,0.1,219.89796447753906,10.05205249786377
5800,0.1,214.15345764160156,10.03485107421875
5850,0.1,208.45716857910156,10.020471572875977
5900,0.1,202.8242950439453,10.008562088012695
5950,0.1,197.27001953125,9.998738288879395
6000,0.1,191.80914306640625,9.990601539611816
6050,0.1,186.45616149902344,9.983726501464844
6100,0.1,181.2246551513672,9.977685928344727
6150,0.1,176.12667846679688,9.97205924987793
6200,0.1,171.1731414794922,9.96643352508545
6250,0.1,166.3728485107422,9.960410118103027
6300,0.1,161.73297119140625,9.95362663269043
6350,0.1,157.2584228515625,9.945781707763672
6400,0.1,152.95240783691406,9.936564445495605
6450,0.1,148.81593322753906,9.92578125
6500,0.1,144.84866333007812,9.913226127624512
6550,0.1,141.048583984375,9.898782730102539
6600,0.1,137.4122314453125,9.882357597351074
6650,0.1,133.9355010986328,9.863908767700195
6700,0.1,130.61367797851562,9.843400955200195
6750,0.1,127.44084167480469,9.820862770080566
6800,0.1,124.4114761352539,9.796321868896484
6850,0.1,121.51947784423828,9.769814491271973
6900,0.1,118.7586898803711,9.741409301757812
6950,0.1,116.12361145019531,9.711151123046875
7000,0.1,113.6080093383789,9.67913818359375
7050,0.1,111.2064437866211,9.64542293548584
7100,0.1,108.91362762451172,9.61008071899414
7150,0.1,106.72430419921875,9.5731782913208
7200,0.1,104.6339340209961,9.534767150878906
7250,0.1,102.63778686523438,9.494919776916504
7300,0.1,100.73153686523438,9.45368480682373
7350,0.1,98.91130828857422,9.41109561920166
7400,0.1,97.1732177734375,9.36719799041748
7450,0.1,95.5136947631836,9.322040557861328
7500,0.1,93.9294204711914,9.275639533996582
7550,0.1,92.41706085205078,9.228034973144531
7600,0.1,90.97370147705078,9.179231643676758
7650,0.1,89.59654998779297,9.129249572753906
7700,0.1,88.28278350830078,9.078123092651367
7750,0.1,87.02983856201172,9.025848388671875
7800,0.1,85.83524322509766,8.97244644165039
7850,0.1,84.69661712646484,8.917922019958496
7900,0.1,83.61170959472656,8.862283706665039
7950,0.1,82.57820129394531,8.805540084838867
8000,0.1,81.5940933227539,8.747706413269043
8050,0.1,80.65730285644531,8.688783645629883
8100,0.1,79.76576232910156,8.628795623779297
8150,0.1,78.9176025390625,8.567752838134766
8200,0.1,78.11082458496094,8.505684852600098
8250,0.1,77.3437271118164,8.44259262084961
8300,0.1,76.61443328857422,8.378521919250488
8350,0.1,75.9212417602539,8.313491821289062
8400,0.1,75.26243591308594,8.247543334960938
8450,0.1,74.6363525390625,8.180706977844238
8500,0.1,74.04137420654297,8.113036155700684
8550,0.1,73.47592163085938,8.044574737548828
8600,0.1,72.93852233886719,7.975375652313232
8650,0.1,72.42759704589844,7.905492782592773
8700,0.1,71.94175720214844,7.834994316101074
8750,0.1,71.47953033447266,7.76393985748291
8800,0.1,71.03966522216797,7.692398548126221
8850,0.1,70.62074279785156,7.620448112487793
8900,0.1,70.2215347290039,7.548163890838623
8950,0.1,69.8408203125,7.4756178855896
9000,0.1,69.47737121582031,7.402891159057617
9050,0.1,69.13009643554688,7.330066680908203
9100,0.1,68.79791259765625,7.257221698760986
9150,0.1,68.479736328125,7.184442043304443
9200,0.1,68.17464447021484,7.1117987632751465
9250,0.1,67.88165283203125,7.039381980895996
9300,0.1,67.5998764038086,6.96726131439209
9350,0.1,67.32852172851562,6.895513534545898
9400,0.1,67.0667495727539,6.824215888977051
9450,0.1,66.81385803222656,6.753429412841797
9500,0.1,66.56915283203125,6.683228015899658
9550,0.1,66.33199310302734,6.613672256469727
9600,0.1,66.10176849365234,6.5448198318481445
9650,0.1,65.87799072265625,6.4767231941223145
9700,0.1,65.66012573242188,6.409430503845215
9750,0.1,65.44772338867188,6.342992782592773
9800,0.1,65.2403564453125,6.2774529457092285
9850,0.1,65.03768157958984,6.212837219238281
9900,0.1,64.83934020996094,6.149186134338379
9950,0.1,64.64501953125,6.08652400970459
10000,0.1,64.45447540283203,6.024871826171875
10050,0.1,64.26750183105469,5.964254379272461
10100,0.1,64.08385467529297,5.904679298400879
10150,0.1,63.90338897705078,5.846165180206299
10200,0.1,63.72590255737305,5.78871488571167
10250,0.1,63.551334381103516,5.732334136962891
10300,0.1,63.37949752807617,5.677026748657227
10350,0.1,63.21040725708008,5.6227803230285645
10400,0.1,63.04392623901367,5.569602012634277
10450,0.1,62.88003921508789,5.517477512359619
10500,0.1,62.71867370605469,5.466398239135742
10550,0.1,62.559837341308594,5.416350364685059
10600,0.1,62.40351104736328,5.367325782775879
10650,0.1,62.24968719482422,5.319304943084717
10700,0.1,62.098411560058594,5.2722697257995605
10750,0.1,61.94963836669922,5.226207733154297
10800,0.1,61.80343246459961,5.181100368499756
10850,0.1,61.6598014831543,5.136923313140869
10900,0.1,61.51881790161133,5.093663215637207
10950,0.1,61.380462646484375,5.051300048828125
11000,0.1,61.24481201171875,5.0098137855529785
11050,0.1,61.11190414428711,4.969182014465332
11100,0.1,60.98179244995117,4.929386138916016
11150,0.1,60.85446548461914,4.890416145324707
11200,0.1,60.73003005981445,4.852243900299072
11250,0.1,60.60847854614258,4.8148603439331055
11300,0.1,60.48984909057617,4.778245449066162
11350,0.1,60.37420654296875,4.742388725280762
11400,0.1,60.26154708862305,4.707268238067627
11450,0.1,60.151912689208984,4.672879695892334
11500,0.1,60.04532241821289,4.63920783996582
11550,0.1,59.941795349121094,4.606237411499023
11600,0.1,59.841346740722656,4.573962211608887
11650,0.1,59.743980407714844,4.5423712730407715
11700,0.1,59.64954376220703,4.511472702026367
11750,0.1,59.55729675292969,4.481473445892334
11800,0.1,59.468971252441406,4.452057361602783
11850,0.1,59.38417434692383,4.423254489898682
11900,0.1,59.30241012573242,4.395077228546143
11950,0.1,59.229496002197266,4.368649482727051
12000,0.1,59.14731979370117,4.340890884399414
12050,0.1,59.074039459228516,4.314778804779053
12100,0.1,59.00410461425781,4.289193153381348
12150,0.1,58.943363189697266,4.265724182128906
12200,0.1,58.8716926574707,4.240001678466797
12250,0.1,58.80990982055664,4.216293811798096
12300,0.1,58.7508659362793,4.193094253540039
12350,0.1,58.69317626953125,4.170608997344971
12400,0.1,58.641544342041016,4.148409843444824
12450,0.1,58.58774185180664,4.126977443695068
12500,0.1,58.538516998291016,4.105924129486084
12550,0.1,58.49134063720703,4.085333824157715
12600,0.1,58.44995880126953,4.065526008605957
12650,0.1,58.40401840209961,4.045742988586426
12700,0.1,58.36317825317383,4.026638031005859
12750,0.1,58.32457733154297,4.0078654289245605
12800,0.1,58.288272857666016,3.989398241043091
12850,0.1,58.25242233276367,3.9717037677764893
12900,0.1,58.22126388549805,3.953876495361328
12950,0.1,58.19002151489258,3.9366540908813477
13000,0.1,58.160682678222656,3.919675827026367
13050,0.1,58.12269973754883,3.911020278930664
13100,0.1,58.108734130859375,3.8865785598754883
13150,0.1,58.08382034301758,3.870662212371826
13200,0.1,58.0606689453125,3.854936361312866
13250,0.1,58.039127349853516,3.839376926422119
13300,0.1,58.02850341796875,3.8281197547912598
13350,0.1,58.00339126586914,3.809054374694824
13400,0.1,57.98383331298828,3.7943115234375
13450,0.1,57.967140197753906,3.779825210571289
13500,0.1,57.95186996459961,3.7654361724853516
13550,0.1,57.938411712646484,3.751105785369873
13600,0.1,57.9215087890625,3.7390520572662354
13650,0.1,57.913330078125,3.723444938659668
13700,0.1,57.90235900878906,3.709832191467285
13750,0.1,57.8922119140625,3.696322441101074
13800,0.1,57.89165496826172,3.6875710487365723
13850,0.1,57.87614440917969,3.6698455810546875
13900,0.1,57.867488861083984,3.6569533348083496
13950,0.1,57.860591888427734,3.644097328186035
14000,0.1,57.881500244140625,3.6814956665039062
14050,0.1,57.85016632080078,3.618849039077759
14100,0.1,57.844573974609375,3.6066370010375977
14150,0.1,57.84011459350586,3.5944485664367676
14200,0.1,57.836700439453125,3.5822620391845703
14250,0.1,57.845706939697266,3.5819084644317627
14300,0.1,57.831783294677734,3.558493137359619
14350,0.1,57.829750061035156,3.546860694885254
14400,0.1,57.82851028442383,3.535240650177002
14450,0.1,57.82791519165039,3.523653507232666
14500,0.1,57.830810546875,3.512740135192871
14550,0.1,57.828086853027344,3.5012564659118652
14600,0.1,57.828857421875,3.4901859760284424
14650,0.1,57.830265045166016,3.4791367053985596
14700,0.1,57.83232879638672,3.4681029319763184
14750,0.1,57.83970260620117,3.4598228931427
14800,0.1,57.83793640136719,3.44669246673584
14850,0.1,57.84105682373047,3.436141014099121
14900,0.1,57.8450927734375,3.4255661964416504
14950,0.1,57.85404586791992,3.417410373687744
15000,0.1,57.853919982910156,3.4052298069000244
15050,0.1,57.85985565185547,3.394681930541992
15100,0.1,57.865577697753906,3.384575843811035
15150,0.1,57.8720817565918,3.3744606971740723
15200,0.1,57.877742767333984,3.3664567470550537
15250,0.1,57.886688232421875,3.3547370433807373
15300,0.1,57.8935661315918,3.345097064971924
15350,0.1,57.90165328979492,3.3354549407958984
15400,0.1,57.91048812866211,3.3258042335510254
15450,0.1,57.91400909423828,3.3371787071228027
15500,0.1,57.929386138916016,3.3072187900543213
15550,0.1,57.9384765625,3.297952175140381
15600,0.1,57.948707580566406,3.2887961864471436
15650,0.1,57.959651947021484,3.279641628265381
15700,0.1,57.974998474121094,3.2733004093170166
15750,0.1,57.982383728027344,3.2619404792785645
15800,0.1,57.99409484863281,3.2531867027282715
15850,0.1,58.006595611572266,3.244457721710205
15900,0.1,58.02907180786133,3.2545981407165527
15950,0.1,58.031944274902344,3.2276601791381836
16000,0.1,58.04507827758789,3.2193784713745117
16050,0.1,58.058719635009766,3.2111575603485107
16100,0.1,58.07301330566406,3.202944278717041
16150,0.1,58.095664978027344,3.2427539825439453
16200,0.1,58.10234451293945,3.187262773513794
16250,0.1,58.115692138671875,3.1796658039093018
16300,0.1,58.13072204589844,3.1720590591430664
16350,0.1,58.1462516784668,3.1644692420959473
16400,0.1,58.16221237182617,3.156900405883789
16450,0.1,58.190189361572266,3.1620516777038574
16500,0.1,58.19425582885742,3.142606019973755
16550,0.1,58.20878601074219,3.13557767868042
16600,0.1,58.224952697753906,3.1286063194274902
16650,0.1,58.241477966308594,3.121657371520996
16700,0.1,58.28089141845703,3.261889934539795
16750,0.1,58.274627685546875,3.1088242530822754
16800,0.1,58.289772033691406,3.102142333984375
16850,0.1,58.306373596191406,3.0957999229431152
16900,0.1,58.32316207885742,3.089491605758667
16950,0.1,58.3402099609375,3.083204746246338
17000,0.1,58.34500503540039,3.124915361404419
17050,0.1,58.37400817871094,3.071316719055176
17100,0.1,58.38993835449219,3.065438747406006
17150,0.1,58.40647888183594,3.059678316116333
17200,0.1,58.423316955566406,3.0539259910583496
17250,0.1,58.43476486206055,3.06386661529541
17300,0.1,58.45503234863281,3.0433788299560547
17350,0.1,58.47129821777344,3.0380685329437256
17400,0.1,58.487308502197266,3.0328938961029053
17450,0.1,58.503421783447266,3.027735710144043
17500,0.1,58.51984405517578,3.0225772857666016
17550,0.1,58.54328155517578,3.0221028327941895
17600,0.1,58.55080795288086,3.013160467147827
17650,0.1,58.56473922729492,3.0086636543273926
17700,0.1,58.579490661621094,3.004127025604248
17750,0.1,58.59426498413086,2.999600410461426
17800,0.1,58.60908508300781,2.9950859546661377
17850,0.1,58.62447738647461,2.9929819107055664
17900,0.1,58.63762664794922,2.9867184162139893
17950,0.1,58.6502685546875,2.9828314781188965
18000,0.1,58.66316223144531,2.9789321422576904
18050,0.1,58.67628479003906,2.97501277923584
18100,0.1,58.688987731933594,2.9713399410247803
18150,0.1,58.70234680175781,2.9676218032836914
18200,0.1,58.713775634765625,2.964036703109741
18250,0.1,58.72617721557617,2.9604239463806152
18300,0.1,58.73841857910156,2.9568281173706055
18350,0.1,58.752010345458984,2.9532694816589355
18400,0.1,58.762298583984375,2.950056552886963
18450,0.1,58.773624420166016,2.9467759132385254
18500,0.1,58.78485870361328,2.943502426147461
18550,0.1,58.796119689941406,2.9402170181274414
18600,0.1,58.81631851196289,2.954857349395752
18650,0.1,58.818809509277344,2.9339733123779297
18700,0.1,58.82844543457031,2.9308924674987793
18750,0.1,58.83864974975586,2.9278693199157715
18800,0.1,58.848899841308594,2.9248318672180176
18850,0.1,58.86444854736328,2.9321789741516113
18900,0.1,58.86800765991211,2.9191575050354004
18950,0.1,58.87641525268555,2.9164884090423584
19000,0.1,58.88396453857422,2.9141488075256348
19050,0.1,58.89634323120117,2.912381649017334
19100,0.1,58.90210723876953,2.90862774848938
19150,0.1,58.91028594970703,2.9060840606689453
19200,0.1,58.91870880126953,2.9034953117370605
19250,0.1,58.93693161010742,2.932624340057373
19300,0.1,58.93528366088867,2.898573160171509
19350,0.1,58.943084716796875,2.896097421646118
19400,0.1,58.950653076171875,2.8936996459960938
19450,0.1,58.958274841308594,2.8912761211395264
19500,0.1,58.97212600708008,2.9040005207061768
19550,0.1,58.97328186035156,2.8865909576416016
19600,0.1,58.97978591918945,2.884385108947754
19650,0.1,58.986202239990234,2.8821778297424316
19700,0.1,58.992652893066406,2.8799753189086914
19750,0.1,59.00083541870117,2.880445718765259
19800,0.1,59.00526428222656,2.8757143020629883
19850,0.1,59.01092529296875,2.873670816421509
19900,0.1,59.016822814941406,2.871589183807373
19950,0.1,59.0294075012207,2.8886585235595703
